,type,prompt,q,prediction,gold,surprisal,int-grad
0,ita-r-2-subordinate,"We will give you examples of Italian sentences that follow or violate the rules of a shared grammar, along with labels 'Yes' or 'No'. You will then generate a label, 'Yes' or 'No', for a new unlabeled sentence that may follow or violate the same grammar rules.

Q: Is this sentence grammatical? Yes or No: Leela vede che gli insegnanti portano giornale il
A: No

Q: Is this sentence grammatical? Yes or No: Gomu dice che il cane tiene il giocattolo
A: Yes

Q: Is this sentence grammatical? Yes or No: Gomu osserva che il cane porta bottiglia la
A: No

Q: Is this sentence grammatical? Yes or No: Sheela dice che i cani tengono pesce il
A: No

Q: Is this sentence grammatical? Yes or No: Leela afferma che i cani mangiano pesce il
A: No

Q: Is this sentence grammatical? Yes or No: Tom dice che un' uomo tiene bottiglia una
A: No

Q: Is this sentence grammatical? Yes or No: Maria osserva che un' uomo porta cappello un
A: No

Q: Is this sentence grammatical? Yes or No: Sheela sa che i ragazzi portano il giocattolo
A: Yes

Q: Is this sentence grammatical? Yes or No: Leela afferma che gli insegnanti salgono scala la
A: No

Q: Is this sentence grammatical? Yes or No: Harry osserva che il cane porta bottiglia la
A: No

Q: Is this sentence grammatical? Yes or No: John dice che l'uomo porta gesso un
A: ",John dice che l'uomo porta gesso un,No,No,,0
1,ita-r-2-subordinate,"We will give you examples of Italian sentences that follow or violate the rules of a shared grammar, along with labels 'Yes' or 'No'. You will then generate a label, 'Yes' or 'No', for a new unlabeled sentence that may follow or violate the same grammar rules.

Q: Is this sentence grammatical? Yes or No: Leela vede che gli insegnanti portano giornale il
A: No

Q: Is this sentence grammatical? Yes or No: Gomu dice che il cane tiene giocattolo il
A: No

Q: Is this sentence grammatical? Yes or No: Gomu osserva che il cane porta bottiglia la
A: No

Q: Is this sentence grammatical? Yes or No: Sheela dice che i cani tengono pesce il
A: No

Q: Is this sentence grammatical? Yes or No: Leela afferma che i cani mangiano il pesce
A: Yes

Q: Is this sentence grammatical? Yes or No: Tom dice che un' uomo tiene bottiglia una
A: No

Q: Is this sentence grammatical? Yes or No: Maria osserva che un' uomo porta un cappello
A: Yes

Q: Is this sentence grammatical? Yes or No: Sheela sa che i ragazzi portano il giocattolo
A: Yes

Q: Is this sentence grammatical? Yes or No: Leela afferma che gli insegnanti salgono scala la
A: No

Q: Is this sentence grammatical? Yes or No: Harry osserva che il cane porta bottiglia la
A: No

Q: Is this sentence grammatical? Yes or No: Gomu osserva che un' insegnante scala montagna la
A: ",Gomu osserva che un' insegnante scala montagna la,No,No,,0
2,ita-r-2-subordinate,"We will give you examples of Italian sentences that follow or violate the rules of a shared grammar, along with labels 'Yes' or 'No'. You will then generate a label, 'Yes' or 'No', for a new unlabeled sentence that may follow or violate the same grammar rules.

Q: Is this sentence grammatical? Yes or No: Leela vede che gli insegnanti portano il giornale
A: Yes

Q: Is this sentence grammatical? Yes or No: Gomu dice che il cane tiene il giocattolo
A: Yes

Q: Is this sentence grammatical? Yes or No: Gomu osserva che il cane porta bottiglia la
A: No

Q: Is this sentence grammatical? Yes or No: Sheela dice che i cani tengono pesce il
A: No

Q: Is this sentence grammatical? Yes or No: Leela afferma che i cani mangiano il pesce
A: Yes

Q: Is this sentence grammatical? Yes or No: Tom dice che un' uomo tiene bottiglia una
A: No

Q: Is this sentence grammatical? Yes or No: Maria osserva che un' uomo porta cappello un
A: No

Q: Is this sentence grammatical? Yes or No: Sheela sa che i ragazzi portano il giocattolo
A: Yes

Q: Is this sentence grammatical? Yes or No: Leela afferma che gli insegnanti salgono scala la
A: No

Q: Is this sentence grammatical? Yes or No: Harry osserva che il cane porta la bottiglia
A: Yes

Q: Is this sentence grammatical? Yes or No: Gomu afferma che le ragazze salgono la montagna
A: ",Gomu afferma che le ragazze salgono la montagna,No,Yes,,0
3,ita-r-2-subordinate,"We will give you examples of Italian sentences that follow or violate the rules of a shared grammar, along with labels 'Yes' or 'No'. You will then generate a label, 'Yes' or 'No', for a new unlabeled sentence that may follow or violate the same grammar rules.

Q: Is this sentence grammatical? Yes or No: Leela vede che gli insegnanti portano il giornale
A: Yes

Q: Is this sentence grammatical? Yes or No: Gomu dice che il cane tiene giocattolo il
A: No

Q: Is this sentence grammatical? Yes or No: Gomu osserva che il cane porta la bottiglia
A: Yes

Q: Is this sentence grammatical? Yes or No: Sheela dice che i cani tengono pesce il
A: No

Q: Is this sentence grammatical? Yes or No: Leela afferma che i cani mangiano il pesce
A: Yes

Q: Is this sentence grammatical? Yes or No: Tom dice che un' uomo tiene bottiglia una
A: No

Q: Is this sentence grammatical? Yes or No: Maria osserva che un' uomo porta un cappello
A: Yes

Q: Is this sentence grammatical? Yes or No: Sheela sa che i ragazzi portano il giocattolo
A: Yes

Q: Is this sentence grammatical? Yes or No: Leela afferma che gli insegnanti salgono scala la
A: No

Q: Is this sentence grammatical? Yes or No: Harry osserva che il cane porta bottiglia la
A: No

Q: Is this sentence grammatical? Yes or No: Sheela sa che una donna porta una bottiglia
A: ",Sheela sa che una donna porta una bottiglia,Yes,Yes,,0
4,ita-r-2-subordinate,"We will give you examples of Italian sentences that follow or violate the rules of a shared grammar, along with labels 'Yes' or 'No'. You will then generate a label, 'Yes' or 'No', for a new unlabeled sentence that may follow or violate the same grammar rules.

Q: Is this sentence grammatical? Yes or No: Leela vede che gli insegnanti portano giornale il
A: No

Q: Is this sentence grammatical? Yes or No: Gomu dice che il cane tiene il giocattolo
A: Yes

Q: Is this sentence grammatical? Yes or No: Gomu osserva che il cane porta bottiglia la
A: No

Q: Is this sentence grammatical? Yes or No: Sheela dice che i cani tengono pesce il
A: No

Q: Is this sentence grammatical? Yes or No: Leela afferma che i cani mangiano pesce il
A: No

Q: Is this sentence grammatical? Yes or No: Tom dice che un' uomo tiene una bottiglia
A: Yes

Q: Is this sentence grammatical? Yes or No: Maria osserva che un' uomo porta un cappello
A: Yes

Q: Is this sentence grammatical? Yes or No: Sheela sa che i ragazzi portano il giocattolo
A: Yes

Q: Is this sentence grammatical? Yes or No: Leela afferma che gli insegnanti salgono la scala
A: Yes

Q: Is this sentence grammatical? Yes or No: Harry osserva che il cane porta bottiglia la
A: No

Q: Is this sentence grammatical? Yes or No: John dice che il gatto mangia cetriolo un
A: ",John dice che il gatto mangia cetriolo un,No,No,,0
5,ita-r-2-subordinate,"We will give you examples of Italian sentences that follow or violate the rules of a shared grammar, along with labels 'Yes' or 'No'. You will then generate a label, 'Yes' or 'No', for a new unlabeled sentence that may follow or violate the same grammar rules.

Q: Is this sentence grammatical? Yes or No: Leela vede che gli insegnanti portano il giornale
A: Yes

Q: Is this sentence grammatical? Yes or No: Gomu dice che il cane tiene giocattolo il
A: No

Q: Is this sentence grammatical? Yes or No: Gomu osserva che il cane porta la bottiglia
A: Yes

Q: Is this sentence grammatical? Yes or No: Sheela dice che i cani tengono pesce il
A: No

Q: Is this sentence grammatical? Yes or No: Leela afferma che i cani mangiano pesce il
A: No

Q: Is this sentence grammatical? Yes or No: Tom dice che un' uomo tiene bottiglia una
A: No

Q: Is this sentence grammatical? Yes or No: Maria osserva che un' uomo porta cappello un
A: No

Q: Is this sentence grammatical? Yes or No: Sheela sa che i ragazzi portano il giocattolo
A: Yes

Q: Is this sentence grammatical? Yes or No: Leela afferma che gli insegnanti salgono la scala
A: Yes

Q: Is this sentence grammatical? Yes or No: Harry osserva che il cane porta la bottiglia
A: Yes

Q: Is this sentence grammatical? Yes or No: Tom dice che i gatti portano la lampadina
A: ",Tom dice che i gatti portano la lampadina,No,Yes,,0
6,ita-r-2-subordinate,"We will give you examples of Italian sentences that follow or violate the rules of a shared grammar, along with labels 'Yes' or 'No'. You will then generate a label, 'Yes' or 'No', for a new unlabeled sentence that may follow or violate the same grammar rules.

Q: Is this sentence grammatical? Yes or No: Leela vede che gli insegnanti portano il giornale
A: Yes

Q: Is this sentence grammatical? Yes or No: Gomu dice che il cane tiene giocattolo il
A: No

Q: Is this sentence grammatical? Yes or No: Gomu osserva che il cane porta bottiglia la
A: No

Q: Is this sentence grammatical? Yes or No: Sheela dice che i cani tengono pesce il
A: No

Q: Is this sentence grammatical? Yes or No: Leela afferma che i cani mangiano il pesce
A: Yes

Q: Is this sentence grammatical? Yes or No: Tom dice che un' uomo tiene una bottiglia
A: Yes

Q: Is this sentence grammatical? Yes or No: Maria osserva che un' uomo porta un cappello
A: Yes

Q: Is this sentence grammatical? Yes or No: Sheela sa che i ragazzi portano giocattolo il
A: No

Q: Is this sentence grammatical? Yes or No: Leela afferma che gli insegnanti salgono scala la
A: No

Q: Is this sentence grammatical? Yes or No: Harry osserva che il cane porta la bottiglia
A: Yes

Q: Is this sentence grammatical? Yes or No: John dice che la ragazza mangia frutta una
A: ",John dice che la ragazza mangia frutta una,No,No,,0
7,ita-r-2-subordinate,"We will give you examples of Italian sentences that follow or violate the rules of a shared grammar, along with labels 'Yes' or 'No'. You will then generate a label, 'Yes' or 'No', for a new unlabeled sentence that may follow or violate the same grammar rules.

Q: Is this sentence grammatical? Yes or No: Leela vede che gli insegnanti portano il giornale
A: Yes

Q: Is this sentence grammatical? Yes or No: Gomu dice che il cane tiene il giocattolo
A: Yes

Q: Is this sentence grammatical? Yes or No: Gomu osserva che il cane porta la bottiglia
A: Yes

Q: Is this sentence grammatical? Yes or No: Sheela dice che i cani tengono pesce il
A: No

Q: Is this sentence grammatical? Yes or No: Leela afferma che i cani mangiano il pesce
A: Yes

Q: Is this sentence grammatical? Yes or No: Tom dice che un' uomo tiene bottiglia una
A: No

Q: Is this sentence grammatical? Yes or No: Maria osserva che un' uomo porta cappello un
A: No

Q: Is this sentence grammatical? Yes or No: Sheela sa che i ragazzi portano il giocattolo
A: Yes

Q: Is this sentence grammatical? Yes or No: Leela afferma che gli insegnanti salgono la scala
A: Yes

Q: Is this sentence grammatical? Yes or No: Harry osserva che il cane porta la bottiglia
A: Yes

Q: Is this sentence grammatical? Yes or No: Sheela dice che un' uomo porta pesce un
A: ",Sheela dice che un' uomo porta pesce un,No,No,,0
8,ita-r-2-subordinate,"We will give you examples of Italian sentences that follow or violate the rules of a shared grammar, along with labels 'Yes' or 'No'. You will then generate a label, 'Yes' or 'No', for a new unlabeled sentence that may follow or violate the same grammar rules.

Q: Is this sentence grammatical? Yes or No: Leela vede che gli insegnanti portano giornale il
A: No

Q: Is this sentence grammatical? Yes or No: Gomu dice che il cane tiene giocattolo il
A: No

Q: Is this sentence grammatical? Yes or No: Gomu osserva che il cane porta la bottiglia
A: Yes

Q: Is this sentence grammatical? Yes or No: Sheela dice che i cani tengono pesce il
A: No

Q: Is this sentence grammatical? Yes or No: Leela afferma che i cani mangiano pesce il
A: No

Q: Is this sentence grammatical? Yes or No: Tom dice che un' uomo tiene bottiglia una
A: No

Q: Is this sentence grammatical? Yes or No: Maria osserva che un' uomo porta cappello un
A: No

Q: Is this sentence grammatical? Yes or No: Sheela sa che i ragazzi portano giocattolo il
A: No

Q: Is this sentence grammatical? Yes or No: Leela afferma che gli insegnanti salgono la scala
A: Yes

Q: Is this sentence grammatical? Yes or No: Harry osserva che il cane porta bottiglia la
A: No

Q: Is this sentence grammatical? Yes or No: Harry osserva che i ragazzi portano la bottiglia
A: ",Harry osserva che i ragazzi portano la bottiglia,No,Yes,,0
9,ita-r-2-subordinate,"We will give you examples of Italian sentences that follow or violate the rules of a shared grammar, along with labels 'Yes' or 'No'. You will then generate a label, 'Yes' or 'No', for a new unlabeled sentence that may follow or violate the same grammar rules.

Q: Is this sentence grammatical? Yes or No: Leela vede che gli insegnanti portano il giornale
A: Yes

Q: Is this sentence grammatical? Yes or No: Gomu dice che il cane tiene il giocattolo
A: Yes

Q: Is this sentence grammatical? Yes or No: Gomu osserva che il cane porta la bottiglia
A: Yes

Q: Is this sentence grammatical? Yes or No: Sheela dice che i cani tengono pesce il
A: No

Q: Is this sentence grammatical? Yes or No: Leela afferma che i cani mangiano pesce il
A: No

Q: Is this sentence grammatical? Yes or No: Tom dice che un' uomo tiene una bottiglia
A: Yes

Q: Is this sentence grammatical? Yes or No: Maria osserva che un' uomo porta un cappello
A: Yes

Q: Is this sentence grammatical? Yes or No: Sheela sa che i ragazzi portano giocattolo il
A: No

Q: Is this sentence grammatical? Yes or No: Leela afferma che gli insegnanti salgono la scala
A: Yes

Q: Is this sentence grammatical? Yes or No: Harry osserva che il cane porta la bottiglia
A: Yes

Q: Is this sentence grammatical? Yes or No: Maria vede che uno scrittore legge la storia
A: ",Maria vede che uno scrittore legge la storia,Yes,Yes,,0
10,ita-r-2-subordinate,"We will give you examples of Italian sentences that follow or violate the rules of a shared grammar, along with labels 'Yes' or 'No'. You will then generate a label, 'Yes' or 'No', for a new unlabeled sentence that may follow or violate the same grammar rules.

Q: Is this sentence grammatical? Yes or No: Leela vede che gli insegnanti portano il giornale
A: Yes

Q: Is this sentence grammatical? Yes or No: Gomu dice che il cane tiene giocattolo il
A: No

Q: Is this sentence grammatical? Yes or No: Gomu osserva che il cane porta la bottiglia
A: Yes

Q: Is this sentence grammatical? Yes or No: Sheela dice che i cani tengono pesce il
A: No

Q: Is this sentence grammatical? Yes or No: Leela afferma che i cani mangiano pesce il
A: No

Q: Is this sentence grammatical? Yes or No: Tom dice che un' uomo tiene una bottiglia
A: Yes

Q: Is this sentence grammatical? Yes or No: Maria osserva che un' uomo porta cappello un
A: No

Q: Is this sentence grammatical? Yes or No: Sheela sa che i ragazzi portano giocattolo il
A: No

Q: Is this sentence grammatical? Yes or No: Leela afferma che gli insegnanti salgono la scala
A: Yes

Q: Is this sentence grammatical? Yes or No: Harry osserva che il cane porta bottiglia la
A: No

Q: Is this sentence grammatical? Yes or No: Gomu sa che le ragazze mangiano banana la
A: ",Gomu sa che le ragazze mangiano banana la,No,No,,0
11,ita-r-2-subordinate,"We will give you examples of Italian sentences that follow or violate the rules of a shared grammar, along with labels 'Yes' or 'No'. You will then generate a label, 'Yes' or 'No', for a new unlabeled sentence that may follow or violate the same grammar rules.

Q: Is this sentence grammatical? Yes or No: Leela vede che gli insegnanti portano il giornale
A: Yes

Q: Is this sentence grammatical? Yes or No: Gomu dice che il cane tiene il giocattolo
A: Yes

Q: Is this sentence grammatical? Yes or No: Gomu osserva che il cane porta bottiglia la
A: No

Q: Is this sentence grammatical? Yes or No: Sheela dice che i cani tengono pesce il
A: No

Q: Is this sentence grammatical? Yes or No: Leela afferma che i cani mangiano il pesce
A: Yes

Q: Is this sentence grammatical? Yes or No: Tom dice che un' uomo tiene una bottiglia
A: Yes

Q: Is this sentence grammatical? Yes or No: Maria osserva che un' uomo porta cappello un
A: No

Q: Is this sentence grammatical? Yes or No: Sheela sa che i ragazzi portano giocattolo il
A: No

Q: Is this sentence grammatical? Yes or No: Leela afferma che gli insegnanti salgono scala la
A: No

Q: Is this sentence grammatical? Yes or No: Harry osserva che il cane porta bottiglia la
A: No

Q: Is this sentence grammatical? Yes or No: John afferma che i ragazzi tengono bottiglia la
A: ",John afferma che i ragazzi tengono bottiglia la,No,No,,0
12,ita-r-2-subordinate,"We will give you examples of Italian sentences that follow or violate the rules of a shared grammar, along with labels 'Yes' or 'No'. You will then generate a label, 'Yes' or 'No', for a new unlabeled sentence that may follow or violate the same grammar rules.

Q: Is this sentence grammatical? Yes or No: Leela vede che gli insegnanti portano il giornale
A: Yes

Q: Is this sentence grammatical? Yes or No: Gomu dice che il cane tiene giocattolo il
A: No

Q: Is this sentence grammatical? Yes or No: Gomu osserva che il cane porta bottiglia la
A: No

Q: Is this sentence grammatical? Yes or No: Sheela dice che i cani tengono pesce il
A: No

Q: Is this sentence grammatical? Yes or No: Leela afferma che i cani mangiano il pesce
A: Yes

Q: Is this sentence grammatical? Yes or No: Tom dice che un' uomo tiene bottiglia una
A: No

Q: Is this sentence grammatical? Yes or No: Maria osserva che un' uomo porta un cappello
A: Yes

Q: Is this sentence grammatical? Yes or No: Sheela sa che i ragazzi portano il giocattolo
A: Yes

Q: Is this sentence grammatical? Yes or No: Leela afferma che gli insegnanti salgono scala la
A: No

Q: Is this sentence grammatical? Yes or No: Harry osserva che il cane porta bottiglia la
A: No

Q: Is this sentence grammatical? Yes or No: Maria osserva che i ragazzi tengono scatola la
A: ",Maria osserva che i ragazzi tengono scatola la,No,No,,0
13,ita-r-2-subordinate,"We will give you examples of Italian sentences that follow or violate the rules of a shared grammar, along with labels 'Yes' or 'No'. You will then generate a label, 'Yes' or 'No', for a new unlabeled sentence that may follow or violate the same grammar rules.

Q: Is this sentence grammatical? Yes or No: Leela vede che gli insegnanti portano il giornale
A: Yes

Q: Is this sentence grammatical? Yes or No: Gomu dice che il cane tiene il giocattolo
A: Yes

Q: Is this sentence grammatical? Yes or No: Gomu osserva che il cane porta la bottiglia
A: Yes

Q: Is this sentence grammatical? Yes or No: Sheela dice che i cani tengono il pesce
A: Yes

Q: Is this sentence grammatical? Yes or No: Leela afferma che i cani mangiano pesce il
A: No

Q: Is this sentence grammatical? Yes or No: Tom dice che un' uomo tiene bottiglia una
A: No

Q: Is this sentence grammatical? Yes or No: Maria osserva che un' uomo porta cappello un
A: No

Q: Is this sentence grammatical? Yes or No: Sheela sa che i ragazzi portano giocattolo il
A: No

Q: Is this sentence grammatical? Yes or No: Leela afferma che gli insegnanti salgono la scala
A: Yes

Q: Is this sentence grammatical? Yes or No: Harry osserva che il cane porta bottiglia la
A: No

Q: Is this sentence grammatical? Yes or No: Harry sa che un' insegnante porta il gesso
A: ",Harry sa che un' insegnante porta il gesso,Yes,Yes,,0
14,ita-r-2-subordinate,"We will give you examples of Italian sentences that follow or violate the rules of a shared grammar, along with labels 'Yes' or 'No'. You will then generate a label, 'Yes' or 'No', for a new unlabeled sentence that may follow or violate the same grammar rules.

Q: Is this sentence grammatical? Yes or No: Leela vede che gli insegnanti portano giornale il
A: No

Q: Is this sentence grammatical? Yes or No: Gomu dice che il cane tiene giocattolo il
A: No

Q: Is this sentence grammatical? Yes or No: Gomu osserva che il cane porta bottiglia la
A: No

Q: Is this sentence grammatical? Yes or No: Sheela dice che i cani tengono pesce il
A: No

Q: Is this sentence grammatical? Yes or No: Leela afferma che i cani mangiano pesce il
A: No

Q: Is this sentence grammatical? Yes or No: Tom dice che un' uomo tiene bottiglia una
A: No

Q: Is this sentence grammatical? Yes or No: Maria osserva che un' uomo porta cappello un
A: No

Q: Is this sentence grammatical? Yes or No: Sheela sa che i ragazzi portano il giocattolo
A: Yes

Q: Is this sentence grammatical? Yes or No: Leela afferma che gli insegnanti salgono scala la
A: No

Q: Is this sentence grammatical? Yes or No: Harry osserva che il cane porta bottiglia la
A: No

Q: Is this sentence grammatical? Yes or No: Maria afferma che le ragazze prendono cappello il
A: ",Maria afferma che le ragazze prendono cappello il,No,No,,0
15,ita-r-2-subordinate,"We will give you examples of Italian sentences that follow or violate the rules of a shared grammar, along with labels 'Yes' or 'No'. You will then generate a label, 'Yes' or 'No', for a new unlabeled sentence that may follow or violate the same grammar rules.

Q: Is this sentence grammatical? Yes or No: Leela vede che gli insegnanti portano il giornale
A: Yes

Q: Is this sentence grammatical? Yes or No: Gomu dice che il cane tiene giocattolo il
A: No

Q: Is this sentence grammatical? Yes or No: Gomu osserva che il cane porta bottiglia la
A: No

Q: Is this sentence grammatical? Yes or No: Sheela dice che i cani tengono il pesce
A: Yes

Q: Is this sentence grammatical? Yes or No: Leela afferma che i cani mangiano pesce il
A: No

Q: Is this sentence grammatical? Yes or No: Tom dice che un' uomo tiene una bottiglia
A: Yes

Q: Is this sentence grammatical? Yes or No: Maria osserva che un' uomo porta un cappello
A: Yes

Q: Is this sentence grammatical? Yes or No: Sheela sa che i ragazzi portano giocattolo il
A: No

Q: Is this sentence grammatical? Yes or No: Leela afferma che gli insegnanti salgono scala la
A: No

Q: Is this sentence grammatical? Yes or No: Harry osserva che il cane porta bottiglia la
A: No

Q: Is this sentence grammatical? Yes or No: Harry afferma che le donne tengono la tazza
A: ",Harry afferma che le donne tengono la tazza,No,Yes,,0
16,ita-r-2-subordinate,"We will give you examples of Italian sentences that follow or violate the rules of a shared grammar, along with labels 'Yes' or 'No'. You will then generate a label, 'Yes' or 'No', for a new unlabeled sentence that may follow or violate the same grammar rules.

Q: Is this sentence grammatical? Yes or No: Leela vede che gli insegnanti portano il giornale
A: Yes

Q: Is this sentence grammatical? Yes or No: Gomu dice che il cane tiene il giocattolo
A: Yes

Q: Is this sentence grammatical? Yes or No: Gomu osserva che il cane porta la bottiglia
A: Yes

Q: Is this sentence grammatical? Yes or No: Sheela dice che i cani tengono il pesce
A: Yes

Q: Is this sentence grammatical? Yes or No: Leela afferma che i cani mangiano pesce il
A: No

Q: Is this sentence grammatical? Yes or No: Tom dice che un' uomo tiene bottiglia una
A: No

Q: Is this sentence grammatical? Yes or No: Maria osserva che un' uomo porta cappello un
A: No

Q: Is this sentence grammatical? Yes or No: Sheela sa che i ragazzi portano il giocattolo
A: Yes

Q: Is this sentence grammatical? Yes or No: Leela afferma che gli insegnanti salgono la scala
A: Yes

Q: Is this sentence grammatical? Yes or No: Harry osserva che il cane porta bottiglia la
A: No

Q: Is this sentence grammatical? Yes or No: Gomu dice che i gatti portano il pesce
A: ",Gomu dice che i gatti portano il pesce,Yes,Yes,,0
17,ita-r-2-subordinate,"We will give you examples of Italian sentences that follow or violate the rules of a shared grammar, along with labels 'Yes' or 'No'. You will then generate a label, 'Yes' or 'No', for a new unlabeled sentence that may follow or violate the same grammar rules.

Q: Is this sentence grammatical? Yes or No: Leela vede che gli insegnanti portano giornale il
A: No

Q: Is this sentence grammatical? Yes or No: Gomu dice che il cane tiene giocattolo il
A: No

Q: Is this sentence grammatical? Yes or No: Gomu osserva che il cane porta la bottiglia
A: Yes

Q: Is this sentence grammatical? Yes or No: Sheela dice che i cani tengono pesce il
A: No

Q: Is this sentence grammatical? Yes or No: Leela afferma che i cani mangiano il pesce
A: Yes

Q: Is this sentence grammatical? Yes or No: Tom dice che un' uomo tiene bottiglia una
A: No

Q: Is this sentence grammatical? Yes or No: Maria osserva che un' uomo porta un cappello
A: Yes

Q: Is this sentence grammatical? Yes or No: Sheela sa che i ragazzi portano il giocattolo
A: Yes

Q: Is this sentence grammatical? Yes or No: Leela afferma che gli insegnanti salgono scala la
A: No

Q: Is this sentence grammatical? Yes or No: Harry osserva che il cane porta bottiglia la
A: No

Q: Is this sentence grammatical? Yes or No: Maria sa che una donna porta gesso un
A: ",Maria sa che una donna porta gesso un,No,No,,0
18,ita-r-2-subordinate,"We will give you examples of Italian sentences that follow or violate the rules of a shared grammar, along with labels 'Yes' or 'No'. You will then generate a label, 'Yes' or 'No', for a new unlabeled sentence that may follow or violate the same grammar rules.

Q: Is this sentence grammatical? Yes or No: Leela vede che gli insegnanti portano giornale il
A: No

Q: Is this sentence grammatical? Yes or No: Gomu dice che il cane tiene giocattolo il
A: No

Q: Is this sentence grammatical? Yes or No: Gomu osserva che il cane porta bottiglia la
A: No

Q: Is this sentence grammatical? Yes or No: Sheela dice che i cani tengono pesce il
A: No

Q: Is this sentence grammatical? Yes or No: Leela afferma che i cani mangiano pesce il
A: No

Q: Is this sentence grammatical? Yes or No: Tom dice che un' uomo tiene bottiglia una
A: No

Q: Is this sentence grammatical? Yes or No: Maria osserva che un' uomo porta un cappello
A: Yes

Q: Is this sentence grammatical? Yes or No: Sheela sa che i ragazzi portano il giocattolo
A: Yes

Q: Is this sentence grammatical? Yes or No: Leela afferma che gli insegnanti salgono la scala
A: Yes

Q: Is this sentence grammatical? Yes or No: Harry osserva che il cane porta bottiglia la
A: No

Q: Is this sentence grammatical? Yes or No: Harry vede che una ragazza porta un gesso
A: ",Harry vede che una ragazza porta un gesso,No,Yes,,0
19,ita-r-2-subordinate,"We will give you examples of Italian sentences that follow or violate the rules of a shared grammar, along with labels 'Yes' or 'No'. You will then generate a label, 'Yes' or 'No', for a new unlabeled sentence that may follow or violate the same grammar rules.

Q: Is this sentence grammatical? Yes or No: Leela vede che gli insegnanti portano giornale il
A: No

Q: Is this sentence grammatical? Yes or No: Gomu dice che il cane tiene giocattolo il
A: No

Q: Is this sentence grammatical? Yes or No: Gomu osserva che il cane porta la bottiglia
A: Yes

Q: Is this sentence grammatical? Yes or No: Sheela dice che i cani tengono pesce il
A: No

Q: Is this sentence grammatical? Yes or No: Leela afferma che i cani mangiano il pesce
A: Yes

Q: Is this sentence grammatical? Yes or No: Tom dice che un' uomo tiene una bottiglia
A: Yes

Q: Is this sentence grammatical? Yes or No: Maria osserva che un' uomo porta un cappello
A: Yes

Q: Is this sentence grammatical? Yes or No: Sheela sa che i ragazzi portano il giocattolo
A: Yes

Q: Is this sentence grammatical? Yes or No: Leela afferma che gli insegnanti salgono la scala
A: Yes

Q: Is this sentence grammatical? Yes or No: Harry osserva che il cane porta la bottiglia
A: Yes

Q: Is this sentence grammatical? Yes or No: Leela osserva che le ragazze portano il giornale
A: ",Leela osserva che le ragazze portano il giornale,Yes,Yes,,0
20,ita-r-2-subordinate,"We will give you examples of Italian sentences that follow or violate the rules of a shared grammar, along with labels 'Yes' or 'No'. You will then generate a label, 'Yes' or 'No', for a new unlabeled sentence that may follow or violate the same grammar rules.

Q: Is this sentence grammatical? Yes or No: Leela vede che gli insegnanti portano giornale il
A: No

Q: Is this sentence grammatical? Yes or No: Gomu dice che il cane tiene il giocattolo
A: Yes

Q: Is this sentence grammatical? Yes or No: Gomu osserva che il cane porta bottiglia la
A: No

Q: Is this sentence grammatical? Yes or No: Sheela dice che i cani tengono pesce il
A: No

Q: Is this sentence grammatical? Yes or No: Leela afferma che i cani mangiano pesce il
A: No

Q: Is this sentence grammatical? Yes or No: Tom dice che un' uomo tiene una bottiglia
A: Yes

Q: Is this sentence grammatical? Yes or No: Maria osserva che un' uomo porta cappello un
A: No

Q: Is this sentence grammatical? Yes or No: Sheela sa che i ragazzi portano giocattolo il
A: No

Q: Is this sentence grammatical? Yes or No: Leela afferma che gli insegnanti salgono la scala
A: Yes

Q: Is this sentence grammatical? Yes or No: Harry osserva che il cane porta bottiglia la
A: No

Q: Is this sentence grammatical? Yes or No: Harry dice che gli uomini prendono bottiglia la
A: ",Harry dice che gli uomini prendono bottiglia la,No,No,,0
21,ita-r-2-subordinate,"We will give you examples of Italian sentences that follow or violate the rules of a shared grammar, along with labels 'Yes' or 'No'. You will then generate a label, 'Yes' or 'No', for a new unlabeled sentence that may follow or violate the same grammar rules.

Q: Is this sentence grammatical? Yes or No: Leela vede che gli insegnanti portano giornale il
A: No

Q: Is this sentence grammatical? Yes or No: Gomu dice che il cane tiene giocattolo il
A: No

Q: Is this sentence grammatical? Yes or No: Gomu osserva che il cane porta bottiglia la
A: No

Q: Is this sentence grammatical? Yes or No: Sheela dice che i cani tengono pesce il
A: No

Q: Is this sentence grammatical? Yes or No: Leela afferma che i cani mangiano pesce il
A: No

Q: Is this sentence grammatical? Yes or No: Tom dice che un' uomo tiene una bottiglia
A: Yes

Q: Is this sentence grammatical? Yes or No: Maria osserva che un' uomo porta cappello un
A: No

Q: Is this sentence grammatical? Yes or No: Sheela sa che i ragazzi portano giocattolo il
A: No

Q: Is this sentence grammatical? Yes or No: Leela afferma che gli insegnanti salgono scala la
A: No

Q: Is this sentence grammatical? Yes or No: Harry osserva che il cane porta bottiglia la
A: No

Q: Is this sentence grammatical? Yes or No: Sheela sa che gli autori leggono libro il
A: ",Sheela sa che gli autori leggono libro il,No,No,,0
22,ita-r-2-subordinate,"We will give you examples of Italian sentences that follow or violate the rules of a shared grammar, along with labels 'Yes' or 'No'. You will then generate a label, 'Yes' or 'No', for a new unlabeled sentence that may follow or violate the same grammar rules.

Q: Is this sentence grammatical? Yes or No: Leela vede che gli insegnanti portano il giornale
A: Yes

Q: Is this sentence grammatical? Yes or No: Gomu dice che il cane tiene il giocattolo
A: Yes

Q: Is this sentence grammatical? Yes or No: Gomu osserva che il cane porta bottiglia la
A: No

Q: Is this sentence grammatical? Yes or No: Sheela dice che i cani tengono il pesce
A: Yes

Q: Is this sentence grammatical? Yes or No: Leela afferma che i cani mangiano pesce il
A: No

Q: Is this sentence grammatical? Yes or No: Tom dice che un' uomo tiene una bottiglia
A: Yes

Q: Is this sentence grammatical? Yes or No: Maria osserva che un' uomo porta un cappello
A: Yes

Q: Is this sentence grammatical? Yes or No: Sheela sa che i ragazzi portano giocattolo il
A: No

Q: Is this sentence grammatical? Yes or No: Leela afferma che gli insegnanti salgono la scala
A: Yes

Q: Is this sentence grammatical? Yes or No: Harry osserva che il cane porta la bottiglia
A: Yes

Q: Is this sentence grammatical? Yes or No: Maria vede che il gatto prende un cappello
A: ",Maria vede che il gatto prende un cappello,Yes,Yes,,0
23,ita-r-2-subordinate,"We will give you examples of Italian sentences that follow or violate the rules of a shared grammar, along with labels 'Yes' or 'No'. You will then generate a label, 'Yes' or 'No', for a new unlabeled sentence that may follow or violate the same grammar rules.

Q: Is this sentence grammatical? Yes or No: Leela vede che gli insegnanti portano giornale il
A: No

Q: Is this sentence grammatical? Yes or No: Gomu dice che il cane tiene giocattolo il
A: No

Q: Is this sentence grammatical? Yes or No: Gomu osserva che il cane porta la bottiglia
A: Yes

Q: Is this sentence grammatical? Yes or No: Sheela dice che i cani tengono pesce il
A: No

Q: Is this sentence grammatical? Yes or No: Leela afferma che i cani mangiano pesce il
A: No

Q: Is this sentence grammatical? Yes or No: Tom dice che un' uomo tiene bottiglia una
A: No

Q: Is this sentence grammatical? Yes or No: Maria osserva che un' uomo porta un cappello
A: Yes

Q: Is this sentence grammatical? Yes or No: Sheela sa che i ragazzi portano giocattolo il
A: No

Q: Is this sentence grammatical? Yes or No: Leela afferma che gli insegnanti salgono la scala
A: Yes

Q: Is this sentence grammatical? Yes or No: Harry osserva che il cane porta bottiglia la
A: No

Q: Is this sentence grammatical? Yes or No: Harry sa che i gatti salgono la roccia
A: ",Harry sa che i gatti salgono la roccia,No,Yes,,0
24,ita-r-2-subordinate,"We will give you examples of Italian sentences that follow or violate the rules of a shared grammar, along with labels 'Yes' or 'No'. You will then generate a label, 'Yes' or 'No', for a new unlabeled sentence that may follow or violate the same grammar rules.

Q: Is this sentence grammatical? Yes or No: Leela vede che gli insegnanti portano il giornale
A: Yes

Q: Is this sentence grammatical? Yes or No: Gomu dice che il cane tiene il giocattolo
A: Yes

Q: Is this sentence grammatical? Yes or No: Gomu osserva che il cane porta bottiglia la
A: No

Q: Is this sentence grammatical? Yes or No: Sheela dice che i cani tengono il pesce
A: Yes

Q: Is this sentence grammatical? Yes or No: Leela afferma che i cani mangiano il pesce
A: Yes

Q: Is this sentence grammatical? Yes or No: Tom dice che un' uomo tiene bottiglia una
A: No

Q: Is this sentence grammatical? Yes or No: Maria osserva che un' uomo porta un cappello
A: Yes

Q: Is this sentence grammatical? Yes or No: Sheela sa che i ragazzi portano giocattolo il
A: No

Q: Is this sentence grammatical? Yes or No: Leela afferma che gli insegnanti salgono scala la
A: No

Q: Is this sentence grammatical? Yes or No: Harry osserva che il cane porta la bottiglia
A: Yes

Q: Is this sentence grammatical? Yes or No: Gomu osserva che il cane prende giocattolo il
A: ",Gomu osserva che il cane prende giocattolo il,No,No,,0
25,ita-r-2-subordinate,"We will give you examples of Italian sentences that follow or violate the rules of a shared grammar, along with labels 'Yes' or 'No'. You will then generate a label, 'Yes' or 'No', for a new unlabeled sentence that may follow or violate the same grammar rules.

Q: Is this sentence grammatical? Yes or No: Leela vede che gli insegnanti portano giornale il
A: No

Q: Is this sentence grammatical? Yes or No: Gomu dice che il cane tiene giocattolo il
A: No

Q: Is this sentence grammatical? Yes or No: Gomu osserva che il cane porta la bottiglia
A: Yes

Q: Is this sentence grammatical? Yes or No: Sheela dice che i cani tengono il pesce
A: Yes

Q: Is this sentence grammatical? Yes or No: Leela afferma che i cani mangiano pesce il
A: No

Q: Is this sentence grammatical? Yes or No: Tom dice che un' uomo tiene una bottiglia
A: Yes

Q: Is this sentence grammatical? Yes or No: Maria osserva che un' uomo porta cappello un
A: No

Q: Is this sentence grammatical? Yes or No: Sheela sa che i ragazzi portano il giocattolo
A: Yes

Q: Is this sentence grammatical? Yes or No: Leela afferma che gli insegnanti salgono la scala
A: Yes

Q: Is this sentence grammatical? Yes or No: Harry osserva che il cane porta la bottiglia
A: Yes

Q: Is this sentence grammatical? Yes or No: Sheela sa che gli insegnanti tengono lampadina la
A: ",Sheela sa che gli insegnanti tengono lampadina la,No,No,,0
26,ita-r-2-subordinate,"We will give you examples of Italian sentences that follow or violate the rules of a shared grammar, along with labels 'Yes' or 'No'. You will then generate a label, 'Yes' or 'No', for a new unlabeled sentence that may follow or violate the same grammar rules.

Q: Is this sentence grammatical? Yes or No: Leela vede che gli insegnanti portano giornale il
A: No

Q: Is this sentence grammatical? Yes or No: Gomu dice che il cane tiene il giocattolo
A: Yes

Q: Is this sentence grammatical? Yes or No: Gomu osserva che il cane porta la bottiglia
A: Yes

Q: Is this sentence grammatical? Yes or No: Sheela dice che i cani tengono pesce il
A: No

Q: Is this sentence grammatical? Yes or No: Leela afferma che i cani mangiano pesce il
A: No

Q: Is this sentence grammatical? Yes or No: Tom dice che un' uomo tiene una bottiglia
A: Yes

Q: Is this sentence grammatical? Yes or No: Maria osserva che un' uomo porta cappello un
A: No

Q: Is this sentence grammatical? Yes or No: Sheela sa che i ragazzi portano il giocattolo
A: Yes

Q: Is this sentence grammatical? Yes or No: Leela afferma che gli insegnanti salgono scala la
A: No

Q: Is this sentence grammatical? Yes or No: Harry osserva che il cane porta la bottiglia
A: Yes

Q: Is this sentence grammatical? Yes or No: Harry osserva che i cani portano giornale il
A: ",Harry osserva che i cani portano giornale il,No,No,,0
27,ita-r-2-subordinate,"We will give you examples of Italian sentences that follow or violate the rules of a shared grammar, along with labels 'Yes' or 'No'. You will then generate a label, 'Yes' or 'No', for a new unlabeled sentence that may follow or violate the same grammar rules.

Q: Is this sentence grammatical? Yes or No: Leela vede che gli insegnanti portano giornale il
A: No

Q: Is this sentence grammatical? Yes or No: Gomu dice che il cane tiene giocattolo il
A: No

Q: Is this sentence grammatical? Yes or No: Gomu osserva che il cane porta bottiglia la
A: No

Q: Is this sentence grammatical? Yes or No: Sheela dice che i cani tengono pesce il
A: No

Q: Is this sentence grammatical? Yes or No: Leela afferma che i cani mangiano pesce il
A: No

Q: Is this sentence grammatical? Yes or No: Tom dice che un' uomo tiene una bottiglia
A: Yes

Q: Is this sentence grammatical? Yes or No: Maria osserva che un' uomo porta cappello un
A: No

Q: Is this sentence grammatical? Yes or No: Sheela sa che i ragazzi portano il giocattolo
A: Yes

Q: Is this sentence grammatical? Yes or No: Leela afferma che gli insegnanti salgono scala la
A: No

Q: Is this sentence grammatical? Yes or No: Harry osserva che il cane porta bottiglia la
A: No

Q: Is this sentence grammatical? Yes or No: Harry vede che gli uomini portano la scatola
A: ",Harry vede che gli uomini portano la scatola,No,Yes,,0
28,ita-r-2-subordinate,"We will give you examples of Italian sentences that follow or violate the rules of a shared grammar, along with labels 'Yes' or 'No'. You will then generate a label, 'Yes' or 'No', for a new unlabeled sentence that may follow or violate the same grammar rules.

Q: Is this sentence grammatical? Yes or No: Leela vede che gli insegnanti portano il giornale
A: Yes

Q: Is this sentence grammatical? Yes or No: Gomu dice che il cane tiene giocattolo il
A: No

Q: Is this sentence grammatical? Yes or No: Gomu osserva che il cane porta la bottiglia
A: Yes

Q: Is this sentence grammatical? Yes or No: Sheela dice che i cani tengono pesce il
A: No

Q: Is this sentence grammatical? Yes or No: Leela afferma che i cani mangiano pesce il
A: No

Q: Is this sentence grammatical? Yes or No: Tom dice che un' uomo tiene bottiglia una
A: No

Q: Is this sentence grammatical? Yes or No: Maria osserva che un' uomo porta un cappello
A: Yes

Q: Is this sentence grammatical? Yes or No: Sheela sa che i ragazzi portano il giocattolo
A: Yes

Q: Is this sentence grammatical? Yes or No: Leela afferma che gli insegnanti salgono scala la
A: No

Q: Is this sentence grammatical? Yes or No: Harry osserva che il cane porta bottiglia la
A: No

Q: Is this sentence grammatical? Yes or No: John dice che il cane tiene il cappello
A: ",John dice che il cane tiene il cappello,No,Yes,,0
29,ita-r-2-subordinate,"We will give you examples of Italian sentences that follow or violate the rules of a shared grammar, along with labels 'Yes' or 'No'. You will then generate a label, 'Yes' or 'No', for a new unlabeled sentence that may follow or violate the same grammar rules.

Q: Is this sentence grammatical? Yes or No: Leela vede che gli insegnanti portano giornale il
A: No

Q: Is this sentence grammatical? Yes or No: Gomu dice che il cane tiene il giocattolo
A: Yes

Q: Is this sentence grammatical? Yes or No: Gomu osserva che il cane porta bottiglia la
A: No

Q: Is this sentence grammatical? Yes or No: Sheela dice che i cani tengono pesce il
A: No

Q: Is this sentence grammatical? Yes or No: Leela afferma che i cani mangiano il pesce
A: Yes

Q: Is this sentence grammatical? Yes or No: Tom dice che un' uomo tiene una bottiglia
A: Yes

Q: Is this sentence grammatical? Yes or No: Maria osserva che un' uomo porta cappello un
A: No

Q: Is this sentence grammatical? Yes or No: Sheela sa che i ragazzi portano il giocattolo
A: Yes

Q: Is this sentence grammatical? Yes or No: Leela afferma che gli insegnanti salgono scala la
A: No

Q: Is this sentence grammatical? Yes or No: Harry osserva che il cane porta bottiglia la
A: No

Q: Is this sentence grammatical? Yes or No: Leela osserva che le donne portano topo il
A: ",Leela osserva che le donne portano topo il,No,No,,0
30,ita-r-2-subordinate,"We will give you examples of Italian sentences that follow or violate the rules of a shared grammar, along with labels 'Yes' or 'No'. You will then generate a label, 'Yes' or 'No', for a new unlabeled sentence that may follow or violate the same grammar rules.

Q: Is this sentence grammatical? Yes or No: Leela vede che gli insegnanti portano giornale il
A: No

Q: Is this sentence grammatical? Yes or No: Gomu dice che il cane tiene il giocattolo
A: Yes

Q: Is this sentence grammatical? Yes or No: Gomu osserva che il cane porta bottiglia la
A: No

Q: Is this sentence grammatical? Yes or No: Sheela dice che i cani tengono pesce il
A: No

Q: Is this sentence grammatical? Yes or No: Leela afferma che i cani mangiano il pesce
A: Yes

Q: Is this sentence grammatical? Yes or No: Tom dice che un' uomo tiene una bottiglia
A: Yes

Q: Is this sentence grammatical? Yes or No: Maria osserva che un' uomo porta un cappello
A: Yes

Q: Is this sentence grammatical? Yes or No: Sheela sa che i ragazzi portano giocattolo il
A: No

Q: Is this sentence grammatical? Yes or No: Leela afferma che gli insegnanti salgono scala la
A: No

Q: Is this sentence grammatical? Yes or No: Harry osserva che il cane porta bottiglia la
A: No

Q: Is this sentence grammatical? Yes or No: Harry afferma che le donne mangiano la pizza
A: ",Harry afferma che le donne mangiano la pizza,Yes,Yes,,0
31,ita-r-2-subordinate,"We will give you examples of Italian sentences that follow or violate the rules of a shared grammar, along with labels 'Yes' or 'No'. You will then generate a label, 'Yes' or 'No', for a new unlabeled sentence that may follow or violate the same grammar rules.

Q: Is this sentence grammatical? Yes or No: Leela vede che gli insegnanti portano il giornale
A: Yes

Q: Is this sentence grammatical? Yes or No: Gomu dice che il cane tiene il giocattolo
A: Yes

Q: Is this sentence grammatical? Yes or No: Gomu osserva che il cane porta la bottiglia
A: Yes

Q: Is this sentence grammatical? Yes or No: Sheela dice che i cani tengono pesce il
A: No

Q: Is this sentence grammatical? Yes or No: Leela afferma che i cani mangiano il pesce
A: Yes

Q: Is this sentence grammatical? Yes or No: Tom dice che un' uomo tiene una bottiglia
A: Yes

Q: Is this sentence grammatical? Yes or No: Maria osserva che un' uomo porta un cappello
A: Yes

Q: Is this sentence grammatical? Yes or No: Sheela sa che i ragazzi portano il giocattolo
A: Yes

Q: Is this sentence grammatical? Yes or No: Leela afferma che gli insegnanti salgono scala la
A: No

Q: Is this sentence grammatical? Yes or No: Harry osserva che il cane porta bottiglia la
A: No

Q: Is this sentence grammatical? Yes or No: Gomu vede che i cani prendono pesce il
A: ",Gomu vede che i cani prendono pesce il,No,No,,0
32,ita-r-2-subordinate,"We will give you examples of Italian sentences that follow or violate the rules of a shared grammar, along with labels 'Yes' or 'No'. You will then generate a label, 'Yes' or 'No', for a new unlabeled sentence that may follow or violate the same grammar rules.

Q: Is this sentence grammatical? Yes or No: Leela vede che gli insegnanti portano giornale il
A: No

Q: Is this sentence grammatical? Yes or No: Gomu dice che il cane tiene il giocattolo
A: Yes

Q: Is this sentence grammatical? Yes or No: Gomu osserva che il cane porta bottiglia la
A: No

Q: Is this sentence grammatical? Yes or No: Sheela dice che i cani tengono pesce il
A: No

Q: Is this sentence grammatical? Yes or No: Leela afferma che i cani mangiano il pesce
A: Yes

Q: Is this sentence grammatical? Yes or No: Tom dice che un' uomo tiene una bottiglia
A: Yes

Q: Is this sentence grammatical? Yes or No: Maria osserva che un' uomo porta un cappello
A: Yes

Q: Is this sentence grammatical? Yes or No: Sheela sa che i ragazzi portano il giocattolo
A: Yes

Q: Is this sentence grammatical? Yes or No: Leela afferma che gli insegnanti salgono scala la
A: No

Q: Is this sentence grammatical? Yes or No: Harry osserva che il cane porta la bottiglia
A: Yes

Q: Is this sentence grammatical? Yes or No: Gomu sa che i gatti tengono il pesce
A: ",Gomu sa che i gatti tengono il pesce,Yes,Yes,,0
33,ita-r-2-subordinate,"We will give you examples of Italian sentences that follow or violate the rules of a shared grammar, along with labels 'Yes' or 'No'. You will then generate a label, 'Yes' or 'No', for a new unlabeled sentence that may follow or violate the same grammar rules.

Q: Is this sentence grammatical? Yes or No: Leela vede che gli insegnanti portano il giornale
A: Yes

Q: Is this sentence grammatical? Yes or No: Gomu dice che il cane tiene giocattolo il
A: No

Q: Is this sentence grammatical? Yes or No: Gomu osserva che il cane porta la bottiglia
A: Yes

Q: Is this sentence grammatical? Yes or No: Sheela dice che i cani tengono pesce il
A: No

Q: Is this sentence grammatical? Yes or No: Leela afferma che i cani mangiano pesce il
A: No

Q: Is this sentence grammatical? Yes or No: Tom dice che un' uomo tiene una bottiglia
A: Yes

Q: Is this sentence grammatical? Yes or No: Maria osserva che un' uomo porta un cappello
A: Yes

Q: Is this sentence grammatical? Yes or No: Sheela sa che i ragazzi portano giocattolo il
A: No

Q: Is this sentence grammatical? Yes or No: Leela afferma che gli insegnanti salgono la scala
A: Yes

Q: Is this sentence grammatical? Yes or No: Harry osserva che il cane porta la bottiglia
A: Yes

Q: Is this sentence grammatical? Yes or No: Leela sa che le donne portano tazza la
A: ",Leela sa che le donne portano tazza la,No,No,,0
34,ita-r-2-subordinate,"We will give you examples of Italian sentences that follow or violate the rules of a shared grammar, along with labels 'Yes' or 'No'. You will then generate a label, 'Yes' or 'No', for a new unlabeled sentence that may follow or violate the same grammar rules.

Q: Is this sentence grammatical? Yes or No: Leela vede che gli insegnanti portano il giornale
A: Yes

Q: Is this sentence grammatical? Yes or No: Gomu dice che il cane tiene il giocattolo
A: Yes

Q: Is this sentence grammatical? Yes or No: Gomu osserva che il cane porta la bottiglia
A: Yes

Q: Is this sentence grammatical? Yes or No: Sheela dice che i cani tengono il pesce
A: Yes

Q: Is this sentence grammatical? Yes or No: Leela afferma che i cani mangiano il pesce
A: Yes

Q: Is this sentence grammatical? Yes or No: Tom dice che un' uomo tiene una bottiglia
A: Yes

Q: Is this sentence grammatical? Yes or No: Maria osserva che un' uomo porta cappello un
A: No

Q: Is this sentence grammatical? Yes or No: Sheela sa che i ragazzi portano giocattolo il
A: No

Q: Is this sentence grammatical? Yes or No: Leela afferma che gli insegnanti salgono la scala
A: Yes

Q: Is this sentence grammatical? Yes or No: Harry osserva che il cane porta la bottiglia
A: Yes

Q: Is this sentence grammatical? Yes or No: Maria osserva che la ragazza porta topo un
A: ",Maria osserva che la ragazza porta topo un,No,No,,0
35,ita-r-2-subordinate,"We will give you examples of Italian sentences that follow or violate the rules of a shared grammar, along with labels 'Yes' or 'No'. You will then generate a label, 'Yes' or 'No', for a new unlabeled sentence that may follow or violate the same grammar rules.

Q: Is this sentence grammatical? Yes or No: Leela vede che gli insegnanti portano il giornale
A: Yes

Q: Is this sentence grammatical? Yes or No: Gomu dice che il cane tiene il giocattolo
A: Yes

Q: Is this sentence grammatical? Yes or No: Gomu osserva che il cane porta bottiglia la
A: No

Q: Is this sentence grammatical? Yes or No: Sheela dice che i cani tengono il pesce
A: Yes

Q: Is this sentence grammatical? Yes or No: Leela afferma che i cani mangiano il pesce
A: Yes

Q: Is this sentence grammatical? Yes or No: Tom dice che un' uomo tiene bottiglia una
A: No

Q: Is this sentence grammatical? Yes or No: Maria osserva che un' uomo porta un cappello
A: Yes

Q: Is this sentence grammatical? Yes or No: Sheela sa che i ragazzi portano il giocattolo
A: Yes

Q: Is this sentence grammatical? Yes or No: Leela afferma che gli insegnanti salgono la scala
A: Yes

Q: Is this sentence grammatical? Yes or No: Harry osserva che il cane porta la bottiglia
A: Yes

Q: Is this sentence grammatical? Yes or No: Harry osserva che le donne mangiano pera la
A: ",Harry osserva che le donne mangiano pera la,No,No,,0
36,ita-r-2-subordinate,"We will give you examples of Italian sentences that follow or violate the rules of a shared grammar, along with labels 'Yes' or 'No'. You will then generate a label, 'Yes' or 'No', for a new unlabeled sentence that may follow or violate the same grammar rules.

Q: Is this sentence grammatical? Yes or No: Leela vede che gli insegnanti portano giornale il
A: No

Q: Is this sentence grammatical? Yes or No: Gomu dice che il cane tiene il giocattolo
A: Yes

Q: Is this sentence grammatical? Yes or No: Gomu osserva che il cane porta bottiglia la
A: No

Q: Is this sentence grammatical? Yes or No: Sheela dice che i cani tengono pesce il
A: No

Q: Is this sentence grammatical? Yes or No: Leela afferma che i cani mangiano il pesce
A: Yes

Q: Is this sentence grammatical? Yes or No: Tom dice che un' uomo tiene una bottiglia
A: Yes

Q: Is this sentence grammatical? Yes or No: Maria osserva che un' uomo porta cappello un
A: No

Q: Is this sentence grammatical? Yes or No: Sheela sa che i ragazzi portano giocattolo il
A: No

Q: Is this sentence grammatical? Yes or No: Leela afferma che gli insegnanti salgono la scala
A: Yes

Q: Is this sentence grammatical? Yes or No: Harry osserva che il cane porta bottiglia la
A: No

Q: Is this sentence grammatical? Yes or No: Gomu dice che gli insegnanti tengono il pesce
A: ",Gomu dice che gli insegnanti tengono il pesce,No,Yes,,0
37,ita-r-2-subordinate,"We will give you examples of Italian sentences that follow or violate the rules of a shared grammar, along with labels 'Yes' or 'No'. You will then generate a label, 'Yes' or 'No', for a new unlabeled sentence that may follow or violate the same grammar rules.

Q: Is this sentence grammatical? Yes or No: Leela vede che gli insegnanti portano giornale il
A: No

Q: Is this sentence grammatical? Yes or No: Gomu dice che il cane tiene giocattolo il
A: No

Q: Is this sentence grammatical? Yes or No: Gomu osserva che il cane porta bottiglia la
A: No

Q: Is this sentence grammatical? Yes or No: Sheela dice che i cani tengono pesce il
A: No

Q: Is this sentence grammatical? Yes or No: Leela afferma che i cani mangiano il pesce
A: Yes

Q: Is this sentence grammatical? Yes or No: Tom dice che un' uomo tiene bottiglia una
A: No

Q: Is this sentence grammatical? Yes or No: Maria osserva che un' uomo porta un cappello
A: Yes

Q: Is this sentence grammatical? Yes or No: Sheela sa che i ragazzi portano il giocattolo
A: Yes

Q: Is this sentence grammatical? Yes or No: Leela afferma che gli insegnanti salgono scala la
A: No

Q: Is this sentence grammatical? Yes or No: Harry osserva che il cane porta la bottiglia
A: Yes

Q: Is this sentence grammatical? Yes or No: Harry dice che il ragazzo tiene giornale il
A: ",Harry dice che il ragazzo tiene giornale il,No,No,,0
38,ita-r-2-subordinate,"We will give you examples of Italian sentences that follow or violate the rules of a shared grammar, along with labels 'Yes' or 'No'. You will then generate a label, 'Yes' or 'No', for a new unlabeled sentence that may follow or violate the same grammar rules.

Q: Is this sentence grammatical? Yes or No: Leela vede che gli insegnanti portano il giornale
A: Yes

Q: Is this sentence grammatical? Yes or No: Gomu dice che il cane tiene giocattolo il
A: No

Q: Is this sentence grammatical? Yes or No: Gomu osserva che il cane porta bottiglia la
A: No

Q: Is this sentence grammatical? Yes or No: Sheela dice che i cani tengono pesce il
A: No

Q: Is this sentence grammatical? Yes or No: Leela afferma che i cani mangiano pesce il
A: No

Q: Is this sentence grammatical? Yes or No: Tom dice che un' uomo tiene una bottiglia
A: Yes

Q: Is this sentence grammatical? Yes or No: Maria osserva che un' uomo porta cappello un
A: No

Q: Is this sentence grammatical? Yes or No: Sheela sa che i ragazzi portano giocattolo il
A: No

Q: Is this sentence grammatical? Yes or No: Leela afferma che gli insegnanti salgono la scala
A: Yes

Q: Is this sentence grammatical? Yes or No: Harry osserva che il cane porta bottiglia la
A: No

Q: Is this sentence grammatical? Yes or No: Leela sa che i gatti salgono la scala
A: ",Leela sa che i gatti salgono la scala,No,Yes,,0
39,ita-r-2-subordinate,"We will give you examples of Italian sentences that follow or violate the rules of a shared grammar, along with labels 'Yes' or 'No'. You will then generate a label, 'Yes' or 'No', for a new unlabeled sentence that may follow or violate the same grammar rules.

Q: Is this sentence grammatical? Yes or No: Leela vede che gli insegnanti portano giornale il
A: No

Q: Is this sentence grammatical? Yes or No: Gomu dice che il cane tiene il giocattolo
A: Yes

Q: Is this sentence grammatical? Yes or No: Gomu osserva che il cane porta bottiglia la
A: No

Q: Is this sentence grammatical? Yes or No: Sheela dice che i cani tengono il pesce
A: Yes

Q: Is this sentence grammatical? Yes or No: Leela afferma che i cani mangiano il pesce
A: Yes

Q: Is this sentence grammatical? Yes or No: Tom dice che un' uomo tiene una bottiglia
A: Yes

Q: Is this sentence grammatical? Yes or No: Maria osserva che un' uomo porta un cappello
A: Yes

Q: Is this sentence grammatical? Yes or No: Sheela sa che i ragazzi portano il giocattolo
A: Yes

Q: Is this sentence grammatical? Yes or No: Leela afferma che gli insegnanti salgono scala la
A: No

Q: Is this sentence grammatical? Yes or No: Harry osserva che il cane porta la bottiglia
A: Yes

Q: Is this sentence grammatical? Yes or No: Harry dice che il ragazzo tiene pesce il
A: ",Harry dice che il ragazzo tiene pesce il,No,No,,0
40,ita-r-2-subordinate,"We will give you examples of Italian sentences that follow or violate the rules of a shared grammar, along with labels 'Yes' or 'No'. You will then generate a label, 'Yes' or 'No', for a new unlabeled sentence that may follow or violate the same grammar rules.

Q: Is this sentence grammatical? Yes or No: Leela vede che gli insegnanti portano il giornale
A: Yes

Q: Is this sentence grammatical? Yes or No: Gomu dice che il cane tiene giocattolo il
A: No

Q: Is this sentence grammatical? Yes or No: Gomu osserva che il cane porta la bottiglia
A: Yes

Q: Is this sentence grammatical? Yes or No: Sheela dice che i cani tengono il pesce
A: Yes

Q: Is this sentence grammatical? Yes or No: Leela afferma che i cani mangiano pesce il
A: No

Q: Is this sentence grammatical? Yes or No: Tom dice che un' uomo tiene una bottiglia
A: Yes

Q: Is this sentence grammatical? Yes or No: Maria osserva che un' uomo porta un cappello
A: Yes

Q: Is this sentence grammatical? Yes or No: Sheela sa che i ragazzi portano giocattolo il
A: No

Q: Is this sentence grammatical? Yes or No: Leela afferma che gli insegnanti salgono la scala
A: Yes

Q: Is this sentence grammatical? Yes or No: Harry osserva che il cane porta bottiglia la
A: No

Q: Is this sentence grammatical? Yes or No: Maria vede che i ragazzi prendono la bottiglia
A: ",Maria vede che i ragazzi prendono la bottiglia,Yes,Yes,,0
41,ita-r-2-subordinate,"We will give you examples of Italian sentences that follow or violate the rules of a shared grammar, along with labels 'Yes' or 'No'. You will then generate a label, 'Yes' or 'No', for a new unlabeled sentence that may follow or violate the same grammar rules.

Q: Is this sentence grammatical? Yes or No: Leela vede che gli insegnanti portano il giornale
A: Yes

Q: Is this sentence grammatical? Yes or No: Gomu dice che il cane tiene il giocattolo
A: Yes

Q: Is this sentence grammatical? Yes or No: Gomu osserva che il cane porta bottiglia la
A: No

Q: Is this sentence grammatical? Yes or No: Sheela dice che i cani tengono pesce il
A: No

Q: Is this sentence grammatical? Yes or No: Leela afferma che i cani mangiano pesce il
A: No

Q: Is this sentence grammatical? Yes or No: Tom dice che un' uomo tiene bottiglia una
A: No

Q: Is this sentence grammatical? Yes or No: Maria osserva che un' uomo porta un cappello
A: Yes

Q: Is this sentence grammatical? Yes or No: Sheela sa che i ragazzi portano giocattolo il
A: No

Q: Is this sentence grammatical? Yes or No: Leela afferma che gli insegnanti salgono scala la
A: No

Q: Is this sentence grammatical? Yes or No: Harry osserva che il cane porta bottiglia la
A: No

Q: Is this sentence grammatical? Yes or No: Harry osserva che gli insegnanti prendono la lampadina
A: ",Harry osserva che gli insegnanti prendono la lampadina,No,Yes,,0
42,ita-r-2-subordinate,"We will give you examples of Italian sentences that follow or violate the rules of a shared grammar, along with labels 'Yes' or 'No'. You will then generate a label, 'Yes' or 'No', for a new unlabeled sentence that may follow or violate the same grammar rules.

Q: Is this sentence grammatical? Yes or No: Leela vede che gli insegnanti portano il giornale
A: Yes

Q: Is this sentence grammatical? Yes or No: Gomu dice che il cane tiene il giocattolo
A: Yes

Q: Is this sentence grammatical? Yes or No: Gomu osserva che il cane porta la bottiglia
A: Yes

Q: Is this sentence grammatical? Yes or No: Sheela dice che i cani tengono il pesce
A: Yes

Q: Is this sentence grammatical? Yes or No: Leela afferma che i cani mangiano pesce il
A: No

Q: Is this sentence grammatical? Yes or No: Tom dice che un' uomo tiene bottiglia una
A: No

Q: Is this sentence grammatical? Yes or No: Maria osserva che un' uomo porta un cappello
A: Yes

Q: Is this sentence grammatical? Yes or No: Sheela sa che i ragazzi portano il giocattolo
A: Yes

Q: Is this sentence grammatical? Yes or No: Leela afferma che gli insegnanti salgono scala la
A: No

Q: Is this sentence grammatical? Yes or No: Harry osserva che il cane porta la bottiglia
A: Yes

Q: Is this sentence grammatical? Yes or No: Harry osserva che il cane porta un topo
A: ",Harry osserva che il cane porta un topo,No,Yes,,0
43,ita-r-2-subordinate,"We will give you examples of Italian sentences that follow or violate the rules of a shared grammar, along with labels 'Yes' or 'No'. You will then generate a label, 'Yes' or 'No', for a new unlabeled sentence that may follow or violate the same grammar rules.

Q: Is this sentence grammatical? Yes or No: Leela vede che gli insegnanti portano giornale il
A: No

Q: Is this sentence grammatical? Yes or No: Gomu dice che il cane tiene il giocattolo
A: Yes

Q: Is this sentence grammatical? Yes or No: Gomu osserva che il cane porta la bottiglia
A: Yes

Q: Is this sentence grammatical? Yes or No: Sheela dice che i cani tengono il pesce
A: Yes

Q: Is this sentence grammatical? Yes or No: Leela afferma che i cani mangiano il pesce
A: Yes

Q: Is this sentence grammatical? Yes or No: Tom dice che un' uomo tiene bottiglia una
A: No

Q: Is this sentence grammatical? Yes or No: Maria osserva che un' uomo porta un cappello
A: Yes

Q: Is this sentence grammatical? Yes or No: Sheela sa che i ragazzi portano giocattolo il
A: No

Q: Is this sentence grammatical? Yes or No: Leela afferma che gli insegnanti salgono la scala
A: Yes

Q: Is this sentence grammatical? Yes or No: Harry osserva che il cane porta la bottiglia
A: Yes

Q: Is this sentence grammatical? Yes or No: Tom sa che un poeta legge un poema
A: ",Tom sa che un poeta legge un poema,Yes,Yes,,0
44,ita-r-2-subordinate,"We will give you examples of Italian sentences that follow or violate the rules of a shared grammar, along with labels 'Yes' or 'No'. You will then generate a label, 'Yes' or 'No', for a new unlabeled sentence that may follow or violate the same grammar rules.

Q: Is this sentence grammatical? Yes or No: Leela vede che gli insegnanti portano giornale il
A: No

Q: Is this sentence grammatical? Yes or No: Gomu dice che il cane tiene il giocattolo
A: Yes

Q: Is this sentence grammatical? Yes or No: Gomu osserva che il cane porta la bottiglia
A: Yes

Q: Is this sentence grammatical? Yes or No: Sheela dice che i cani tengono il pesce
A: Yes

Q: Is this sentence grammatical? Yes or No: Leela afferma che i cani mangiano pesce il
A: No

Q: Is this sentence grammatical? Yes or No: Tom dice che un' uomo tiene una bottiglia
A: Yes

Q: Is this sentence grammatical? Yes or No: Maria osserva che un' uomo porta cappello un
A: No

Q: Is this sentence grammatical? Yes or No: Sheela sa che i ragazzi portano giocattolo il
A: No

Q: Is this sentence grammatical? Yes or No: Leela afferma che gli insegnanti salgono la scala
A: Yes

Q: Is this sentence grammatical? Yes or No: Harry osserva che il cane porta bottiglia la
A: No

Q: Is this sentence grammatical? Yes or No: Leela osserva che una ragazza scala la scala
A: ",Leela osserva che una ragazza scala la scala,Yes,Yes,,0
45,ita-r-2-subordinate,"We will give you examples of Italian sentences that follow or violate the rules of a shared grammar, along with labels 'Yes' or 'No'. You will then generate a label, 'Yes' or 'No', for a new unlabeled sentence that may follow or violate the same grammar rules.

Q: Is this sentence grammatical? Yes or No: Leela vede che gli insegnanti portano il giornale
A: Yes

Q: Is this sentence grammatical? Yes or No: Gomu dice che il cane tiene giocattolo il
A: No

Q: Is this sentence grammatical? Yes or No: Gomu osserva che il cane porta la bottiglia
A: Yes

Q: Is this sentence grammatical? Yes or No: Sheela dice che i cani tengono pesce il
A: No

Q: Is this sentence grammatical? Yes or No: Leela afferma che i cani mangiano pesce il
A: No

Q: Is this sentence grammatical? Yes or No: Tom dice che un' uomo tiene una bottiglia
A: Yes

Q: Is this sentence grammatical? Yes or No: Maria osserva che un' uomo porta un cappello
A: Yes

Q: Is this sentence grammatical? Yes or No: Sheela sa che i ragazzi portano il giocattolo
A: Yes

Q: Is this sentence grammatical? Yes or No: Leela afferma che gli insegnanti salgono scala la
A: No

Q: Is this sentence grammatical? Yes or No: Harry osserva che il cane porta la bottiglia
A: Yes

Q: Is this sentence grammatical? Yes or No: Tom osserva che un gatto porta bottiglia una
A: ",Tom osserva che un gatto porta bottiglia una,No,No,,0
46,ita-r-2-subordinate,"We will give you examples of Italian sentences that follow or violate the rules of a shared grammar, along with labels 'Yes' or 'No'. You will then generate a label, 'Yes' or 'No', for a new unlabeled sentence that may follow or violate the same grammar rules.

Q: Is this sentence grammatical? Yes or No: Leela vede che gli insegnanti portano il giornale
A: Yes

Q: Is this sentence grammatical? Yes or No: Gomu dice che il cane tiene il giocattolo
A: Yes

Q: Is this sentence grammatical? Yes or No: Gomu osserva che il cane porta la bottiglia
A: Yes

Q: Is this sentence grammatical? Yes or No: Sheela dice che i cani tengono il pesce
A: Yes

Q: Is this sentence grammatical? Yes or No: Leela afferma che i cani mangiano il pesce
A: Yes

Q: Is this sentence grammatical? Yes or No: Tom dice che un' uomo tiene bottiglia una
A: No

Q: Is this sentence grammatical? Yes or No: Maria osserva che un' uomo porta un cappello
A: Yes

Q: Is this sentence grammatical? Yes or No: Sheela sa che i ragazzi portano giocattolo il
A: No

Q: Is this sentence grammatical? Yes or No: Leela afferma che gli insegnanti salgono scala la
A: No

Q: Is this sentence grammatical? Yes or No: Harry osserva che il cane porta la bottiglia
A: Yes

Q: Is this sentence grammatical? Yes or No: Maria vede che una donna scala il tetto
A: ",Maria vede che una donna scala il tetto,Yes,Yes,,0
47,ita-r-2-subordinate,"We will give you examples of Italian sentences that follow or violate the rules of a shared grammar, along with labels 'Yes' or 'No'. You will then generate a label, 'Yes' or 'No', for a new unlabeled sentence that may follow or violate the same grammar rules.

Q: Is this sentence grammatical? Yes or No: Leela vede che gli insegnanti portano giornale il
A: No

Q: Is this sentence grammatical? Yes or No: Gomu dice che il cane tiene giocattolo il
A: No

Q: Is this sentence grammatical? Yes or No: Gomu osserva che il cane porta bottiglia la
A: No

Q: Is this sentence grammatical? Yes or No: Sheela dice che i cani tengono pesce il
A: No

Q: Is this sentence grammatical? Yes or No: Leela afferma che i cani mangiano pesce il
A: No

Q: Is this sentence grammatical? Yes or No: Tom dice che un' uomo tiene bottiglia una
A: No

Q: Is this sentence grammatical? Yes or No: Maria osserva che un' uomo porta cappello un
A: No

Q: Is this sentence grammatical? Yes or No: Sheela sa che i ragazzi portano giocattolo il
A: No

Q: Is this sentence grammatical? Yes or No: Leela afferma che gli insegnanti salgono scala la
A: No

Q: Is this sentence grammatical? Yes or No: Harry osserva che il cane porta la bottiglia
A: Yes

Q: Is this sentence grammatical? Yes or No: Maria osserva che un' uomo porta cappello il
A: ",Maria osserva che un' uomo porta cappello il,No,No,,0
48,ita-r-2-subordinate,"We will give you examples of Italian sentences that follow or violate the rules of a shared grammar, along with labels 'Yes' or 'No'. You will then generate a label, 'Yes' or 'No', for a new unlabeled sentence that may follow or violate the same grammar rules.

Q: Is this sentence grammatical? Yes or No: Leela vede che gli insegnanti portano giornale il
A: No

Q: Is this sentence grammatical? Yes or No: Gomu dice che il cane tiene il giocattolo
A: Yes

Q: Is this sentence grammatical? Yes or No: Gomu osserva che il cane porta la bottiglia
A: Yes

Q: Is this sentence grammatical? Yes or No: Sheela dice che i cani tengono il pesce
A: Yes

Q: Is this sentence grammatical? Yes or No: Leela afferma che i cani mangiano pesce il
A: No

Q: Is this sentence grammatical? Yes or No: Tom dice che un' uomo tiene bottiglia una
A: No

Q: Is this sentence grammatical? Yes or No: Maria osserva che un' uomo porta cappello un
A: No

Q: Is this sentence grammatical? Yes or No: Sheela sa che i ragazzi portano il giocattolo
A: Yes

Q: Is this sentence grammatical? Yes or No: Leela afferma che gli insegnanti salgono scala la
A: No

Q: Is this sentence grammatical? Yes or No: Harry osserva che il cane porta bottiglia la
A: No

Q: Is this sentence grammatical? Yes or No: Sheela osserva che l'uomo scala albero un'
A: ",Sheela osserva che l'uomo scala albero un',No,No,,0
49,ita-r-2-subordinate,"We will give you examples of Italian sentences that follow or violate the rules of a shared grammar, along with labels 'Yes' or 'No'. You will then generate a label, 'Yes' or 'No', for a new unlabeled sentence that may follow or violate the same grammar rules.

Q: Is this sentence grammatical? Yes or No: Leela vede che gli insegnanti portano il giornale
A: Yes

Q: Is this sentence grammatical? Yes or No: Gomu dice che il cane tiene il giocattolo
A: Yes

Q: Is this sentence grammatical? Yes or No: Gomu osserva che il cane porta bottiglia la
A: No

Q: Is this sentence grammatical? Yes or No: Sheela dice che i cani tengono pesce il
A: No

Q: Is this sentence grammatical? Yes or No: Leela afferma che i cani mangiano pesce il
A: No

Q: Is this sentence grammatical? Yes or No: Tom dice che un' uomo tiene bottiglia una
A: No

Q: Is this sentence grammatical? Yes or No: Maria osserva che un' uomo porta un cappello
A: Yes

Q: Is this sentence grammatical? Yes or No: Sheela sa che i ragazzi portano giocattolo il
A: No

Q: Is this sentence grammatical? Yes or No: Leela afferma che gli insegnanti salgono scala la
A: No

Q: Is this sentence grammatical? Yes or No: Harry osserva che il cane porta la bottiglia
A: Yes

Q: Is this sentence grammatical? Yes or No: Leela osserva che i cani portano il pesce
A: ",Leela osserva che i cani portano il pesce,No,Yes,,0
50,ita-r-2-subordinate,"We will give you examples of Italian sentences that follow or violate the rules of a shared grammar, along with labels 'Yes' or 'No'. You will then generate a label, 'Yes' or 'No', for a new unlabeled sentence that may follow or violate the same grammar rules.

Q: Is this sentence grammatical? Yes or No: Leela vede che gli insegnanti portano il giornale
A: Yes

Q: Is this sentence grammatical? Yes or No: Gomu dice che il cane tiene giocattolo il
A: No

Q: Is this sentence grammatical? Yes or No: Gomu osserva che il cane porta la bottiglia
A: Yes

Q: Is this sentence grammatical? Yes or No: Sheela dice che i cani tengono pesce il
A: No

Q: Is this sentence grammatical? Yes or No: Leela afferma che i cani mangiano il pesce
A: Yes

Q: Is this sentence grammatical? Yes or No: Tom dice che un' uomo tiene una bottiglia
A: Yes

Q: Is this sentence grammatical? Yes or No: Maria osserva che un' uomo porta cappello un
A: No

Q: Is this sentence grammatical? Yes or No: Sheela sa che i ragazzi portano il giocattolo
A: Yes

Q: Is this sentence grammatical? Yes or No: Leela afferma che gli insegnanti salgono la scala
A: Yes

Q: Is this sentence grammatical? Yes or No: Harry osserva che il cane porta la bottiglia
A: Yes

Q: Is this sentence grammatical? Yes or No: Leela vede che le ragazze prendono il giocattolo
A: ",Leela vede che le ragazze prendono il giocattolo,Yes,Yes,,0
51,ita-r-2-subordinate,"We will give you examples of Italian sentences that follow or violate the rules of a shared grammar, along with labels 'Yes' or 'No'. You will then generate a label, 'Yes' or 'No', for a new unlabeled sentence that may follow or violate the same grammar rules.

Q: Is this sentence grammatical? Yes or No: Leela vede che gli insegnanti portano il giornale
A: Yes

Q: Is this sentence grammatical? Yes or No: Gomu dice che il cane tiene giocattolo il
A: No

Q: Is this sentence grammatical? Yes or No: Gomu osserva che il cane porta la bottiglia
A: Yes

Q: Is this sentence grammatical? Yes or No: Sheela dice che i cani tengono il pesce
A: Yes

Q: Is this sentence grammatical? Yes or No: Leela afferma che i cani mangiano il pesce
A: Yes

Q: Is this sentence grammatical? Yes or No: Tom dice che un' uomo tiene una bottiglia
A: Yes

Q: Is this sentence grammatical? Yes or No: Maria osserva che un' uomo porta un cappello
A: Yes

Q: Is this sentence grammatical? Yes or No: Sheela sa che i ragazzi portano il giocattolo
A: Yes

Q: Is this sentence grammatical? Yes or No: Leela afferma che gli insegnanti salgono scala la
A: No

Q: Is this sentence grammatical? Yes or No: Harry osserva che il cane porta bottiglia la
A: No

Q: Is this sentence grammatical? Yes or No: Sheela dice che gli uomini prendono tazza la
A: ",Sheela dice che gli uomini prendono tazza la,No,No,,0
52,ita-r-2-subordinate,"We will give you examples of Italian sentences that follow or violate the rules of a shared grammar, along with labels 'Yes' or 'No'. You will then generate a label, 'Yes' or 'No', for a new unlabeled sentence that may follow or violate the same grammar rules.

Q: Is this sentence grammatical? Yes or No: Leela vede che gli insegnanti portano il giornale
A: Yes

Q: Is this sentence grammatical? Yes or No: Gomu dice che il cane tiene giocattolo il
A: No

Q: Is this sentence grammatical? Yes or No: Gomu osserva che il cane porta la bottiglia
A: Yes

Q: Is this sentence grammatical? Yes or No: Sheela dice che i cani tengono il pesce
A: Yes

Q: Is this sentence grammatical? Yes or No: Leela afferma che i cani mangiano il pesce
A: Yes

Q: Is this sentence grammatical? Yes or No: Tom dice che un' uomo tiene bottiglia una
A: No

Q: Is this sentence grammatical? Yes or No: Maria osserva che un' uomo porta un cappello
A: Yes

Q: Is this sentence grammatical? Yes or No: Sheela sa che i ragazzi portano il giocattolo
A: Yes

Q: Is this sentence grammatical? Yes or No: Leela afferma che gli insegnanti salgono scala la
A: No

Q: Is this sentence grammatical? Yes or No: Harry osserva che il cane porta la bottiglia
A: Yes

Q: Is this sentence grammatical? Yes or No: Gomu osserva che il cane tiene la bottiglia
A: ",Gomu osserva che il cane tiene la bottiglia,Yes,Yes,,0
53,ita-r-2-subordinate,"We will give you examples of Italian sentences that follow or violate the rules of a shared grammar, along with labels 'Yes' or 'No'. You will then generate a label, 'Yes' or 'No', for a new unlabeled sentence that may follow or violate the same grammar rules.

Q: Is this sentence grammatical? Yes or No: Leela vede che gli insegnanti portano il giornale
A: Yes

Q: Is this sentence grammatical? Yes or No: Gomu dice che il cane tiene il giocattolo
A: Yes

Q: Is this sentence grammatical? Yes or No: Gomu osserva che il cane porta la bottiglia
A: Yes

Q: Is this sentence grammatical? Yes or No: Sheela dice che i cani tengono il pesce
A: Yes

Q: Is this sentence grammatical? Yes or No: Leela afferma che i cani mangiano il pesce
A: Yes

Q: Is this sentence grammatical? Yes or No: Tom dice che un' uomo tiene bottiglia una
A: No

Q: Is this sentence grammatical? Yes or No: Maria osserva che un' uomo porta cappello un
A: No

Q: Is this sentence grammatical? Yes or No: Sheela sa che i ragazzi portano giocattolo il
A: No

Q: Is this sentence grammatical? Yes or No: Leela afferma che gli insegnanti salgono scala la
A: No

Q: Is this sentence grammatical? Yes or No: Harry osserva che il cane porta la bottiglia
A: Yes

Q: Is this sentence grammatical? Yes or No: Harry osserva che un' insegnante porta bottiglia la
A: ",Harry osserva che un' insegnante porta bottiglia la,No,No,,0
54,ita-r-2-subordinate,"We will give you examples of Italian sentences that follow or violate the rules of a shared grammar, along with labels 'Yes' or 'No'. You will then generate a label, 'Yes' or 'No', for a new unlabeled sentence that may follow or violate the same grammar rules.

Q: Is this sentence grammatical? Yes or No: Leela vede che gli insegnanti portano giornale il
A: No

Q: Is this sentence grammatical? Yes or No: Gomu dice che il cane tiene il giocattolo
A: Yes

Q: Is this sentence grammatical? Yes or No: Gomu osserva che il cane porta la bottiglia
A: Yes

Q: Is this sentence grammatical? Yes or No: Sheela dice che i cani tengono il pesce
A: Yes

Q: Is this sentence grammatical? Yes or No: Leela afferma che i cani mangiano pesce il
A: No

Q: Is this sentence grammatical? Yes or No: Tom dice che un' uomo tiene bottiglia una
A: No

Q: Is this sentence grammatical? Yes or No: Maria osserva che un' uomo porta un cappello
A: Yes

Q: Is this sentence grammatical? Yes or No: Sheela sa che i ragazzi portano giocattolo il
A: No

Q: Is this sentence grammatical? Yes or No: Leela afferma che gli insegnanti salgono la scala
A: Yes

Q: Is this sentence grammatical? Yes or No: Harry osserva che il cane porta bottiglia la
A: No

Q: Is this sentence grammatical? Yes or No: Maria vede che la donna porta la lampadina
A: ",Maria vede che la donna porta la lampadina,Yes,Yes,,0
55,ita-r-2-subordinate,"We will give you examples of Italian sentences that follow or violate the rules of a shared grammar, along with labels 'Yes' or 'No'. You will then generate a label, 'Yes' or 'No', for a new unlabeled sentence that may follow or violate the same grammar rules.

Q: Is this sentence grammatical? Yes or No: Leela vede che gli insegnanti portano il giornale
A: Yes

Q: Is this sentence grammatical? Yes or No: Gomu dice che il cane tiene il giocattolo
A: Yes

Q: Is this sentence grammatical? Yes or No: Gomu osserva che il cane porta la bottiglia
A: Yes

Q: Is this sentence grammatical? Yes or No: Sheela dice che i cani tengono il pesce
A: Yes

Q: Is this sentence grammatical? Yes or No: Leela afferma che i cani mangiano il pesce
A: Yes

Q: Is this sentence grammatical? Yes or No: Tom dice che un' uomo tiene una bottiglia
A: Yes

Q: Is this sentence grammatical? Yes or No: Maria osserva che un' uomo porta un cappello
A: Yes

Q: Is this sentence grammatical? Yes or No: Sheela sa che i ragazzi portano il giocattolo
A: Yes

Q: Is this sentence grammatical? Yes or No: Leela afferma che gli insegnanti salgono la scala
A: Yes

Q: Is this sentence grammatical? Yes or No: Harry osserva che il cane porta la bottiglia
A: Yes

Q: Is this sentence grammatical? Yes or No: Gomu sa che le ragazze tengono il giornale
A: ",Gomu sa che le ragazze tengono il giornale,Yes,Yes,,0
56,ita-r-2-subordinate,"We will give you examples of Italian sentences that follow or violate the rules of a shared grammar, along with labels 'Yes' or 'No'. You will then generate a label, 'Yes' or 'No', for a new unlabeled sentence that may follow or violate the same grammar rules.

Q: Is this sentence grammatical? Yes or No: Leela vede che gli insegnanti portano giornale il
A: No

Q: Is this sentence grammatical? Yes or No: Gomu dice che il cane tiene giocattolo il
A: No

Q: Is this sentence grammatical? Yes or No: Gomu osserva che il cane porta la bottiglia
A: Yes

Q: Is this sentence grammatical? Yes or No: Sheela dice che i cani tengono pesce il
A: No

Q: Is this sentence grammatical? Yes or No: Leela afferma che i cani mangiano pesce il
A: No

Q: Is this sentence grammatical? Yes or No: Tom dice che un' uomo tiene bottiglia una
A: No

Q: Is this sentence grammatical? Yes or No: Maria osserva che un' uomo porta cappello un
A: No

Q: Is this sentence grammatical? Yes or No: Sheela sa che i ragazzi portano il giocattolo
A: Yes

Q: Is this sentence grammatical? Yes or No: Leela afferma che gli insegnanti salgono la scala
A: Yes

Q: Is this sentence grammatical? Yes or No: Harry osserva che il cane porta la bottiglia
A: Yes

Q: Is this sentence grammatical? Yes or No: Tom dice che i cani portano cappello il
A: ",Tom dice che i cani portano cappello il,No,No,,0
57,ita-r-2-subordinate,"We will give you examples of Italian sentences that follow or violate the rules of a shared grammar, along with labels 'Yes' or 'No'. You will then generate a label, 'Yes' or 'No', for a new unlabeled sentence that may follow or violate the same grammar rules.

Q: Is this sentence grammatical? Yes or No: Leela vede che gli insegnanti portano giornale il
A: No

Q: Is this sentence grammatical? Yes or No: Gomu dice che il cane tiene il giocattolo
A: Yes

Q: Is this sentence grammatical? Yes or No: Gomu osserva che il cane porta bottiglia la
A: No

Q: Is this sentence grammatical? Yes or No: Sheela dice che i cani tengono il pesce
A: Yes

Q: Is this sentence grammatical? Yes or No: Leela afferma che i cani mangiano pesce il
A: No

Q: Is this sentence grammatical? Yes or No: Tom dice che un' uomo tiene una bottiglia
A: Yes

Q: Is this sentence grammatical? Yes or No: Maria osserva che un' uomo porta cappello un
A: No

Q: Is this sentence grammatical? Yes or No: Sheela sa che i ragazzi portano giocattolo il
A: No

Q: Is this sentence grammatical? Yes or No: Leela afferma che gli insegnanti salgono la scala
A: Yes

Q: Is this sentence grammatical? Yes or No: Harry osserva che il cane porta bottiglia la
A: No

Q: Is this sentence grammatical? Yes or No: Gomu osserva che gli insegnanti tengono cappello il
A: ",Gomu osserva che gli insegnanti tengono cappello il,No,No,,0
58,ita-r-2-subordinate,"We will give you examples of Italian sentences that follow or violate the rules of a shared grammar, along with labels 'Yes' or 'No'. You will then generate a label, 'Yes' or 'No', for a new unlabeled sentence that may follow or violate the same grammar rules.

Q: Is this sentence grammatical? Yes or No: Leela vede che gli insegnanti portano il giornale
A: Yes

Q: Is this sentence grammatical? Yes or No: Gomu dice che il cane tiene giocattolo il
A: No

Q: Is this sentence grammatical? Yes or No: Gomu osserva che il cane porta la bottiglia
A: Yes

Q: Is this sentence grammatical? Yes or No: Sheela dice che i cani tengono pesce il
A: No

Q: Is this sentence grammatical? Yes or No: Leela afferma che i cani mangiano pesce il
A: No

Q: Is this sentence grammatical? Yes or No: Tom dice che un' uomo tiene una bottiglia
A: Yes

Q: Is this sentence grammatical? Yes or No: Maria osserva che un' uomo porta un cappello
A: Yes

Q: Is this sentence grammatical? Yes or No: Sheela sa che i ragazzi portano il giocattolo
A: Yes

Q: Is this sentence grammatical? Yes or No: Leela afferma che gli insegnanti salgono la scala
A: Yes

Q: Is this sentence grammatical? Yes or No: Harry osserva che il cane porta la bottiglia
A: Yes

Q: Is this sentence grammatical? Yes or No: Sheela dice che un ragazzo legge libro un
A: ",Sheela dice che un ragazzo legge libro un,No,No,,0
59,ita-r-2-subordinate,"We will give you examples of Italian sentences that follow or violate the rules of a shared grammar, along with labels 'Yes' or 'No'. You will then generate a label, 'Yes' or 'No', for a new unlabeled sentence that may follow or violate the same grammar rules.

Q: Is this sentence grammatical? Yes or No: Leela vede che gli insegnanti portano giornale il
A: No

Q: Is this sentence grammatical? Yes or No: Gomu dice che il cane tiene il giocattolo
A: Yes

Q: Is this sentence grammatical? Yes or No: Gomu osserva che il cane porta la bottiglia
A: Yes

Q: Is this sentence grammatical? Yes or No: Sheela dice che i cani tengono pesce il
A: No

Q: Is this sentence grammatical? Yes or No: Leela afferma che i cani mangiano pesce il
A: No

Q: Is this sentence grammatical? Yes or No: Tom dice che un' uomo tiene una bottiglia
A: Yes

Q: Is this sentence grammatical? Yes or No: Maria osserva che un' uomo porta un cappello
A: Yes

Q: Is this sentence grammatical? Yes or No: Sheela sa che i ragazzi portano giocattolo il
A: No

Q: Is this sentence grammatical? Yes or No: Leela afferma che gli insegnanti salgono scala la
A: No

Q: Is this sentence grammatical? Yes or No: Harry osserva che il cane porta bottiglia la
A: No

Q: Is this sentence grammatical? Yes or No: John sa che i gatti prendono lampadina la
A: ",John sa che i gatti prendono lampadina la,No,No,,0
60,ita-r-2-subordinate,"We will give you examples of Italian sentences that follow or violate the rules of a shared grammar, along with labels 'Yes' or 'No'. You will then generate a label, 'Yes' or 'No', for a new unlabeled sentence that may follow or violate the same grammar rules.

Q: Is this sentence grammatical? Yes or No: Leela vede che gli insegnanti portano il giornale
A: Yes

Q: Is this sentence grammatical? Yes or No: Gomu dice che il cane tiene giocattolo il
A: No

Q: Is this sentence grammatical? Yes or No: Gomu osserva che il cane porta bottiglia la
A: No

Q: Is this sentence grammatical? Yes or No: Sheela dice che i cani tengono pesce il
A: No

Q: Is this sentence grammatical? Yes or No: Leela afferma che i cani mangiano il pesce
A: Yes

Q: Is this sentence grammatical? Yes or No: Tom dice che un' uomo tiene bottiglia una
A: No

Q: Is this sentence grammatical? Yes or No: Maria osserva che un' uomo porta un cappello
A: Yes

Q: Is this sentence grammatical? Yes or No: Sheela sa che i ragazzi portano il giocattolo
A: Yes

Q: Is this sentence grammatical? Yes or No: Leela afferma che gli insegnanti salgono la scala
A: Yes

Q: Is this sentence grammatical? Yes or No: Harry osserva che il cane porta la bottiglia
A: Yes

Q: Is this sentence grammatical? Yes or No: John vede che una donna mangia pasto il
A: ",John vede che una donna mangia pasto il,No,No,,0
61,ita-r-2-subordinate,"We will give you examples of Italian sentences that follow or violate the rules of a shared grammar, along with labels 'Yes' or 'No'. You will then generate a label, 'Yes' or 'No', for a new unlabeled sentence that may follow or violate the same grammar rules.

Q: Is this sentence grammatical? Yes or No: Leela vede che gli insegnanti portano il giornale
A: Yes

Q: Is this sentence grammatical? Yes or No: Gomu dice che il cane tiene giocattolo il
A: No

Q: Is this sentence grammatical? Yes or No: Gomu osserva che il cane porta bottiglia la
A: No

Q: Is this sentence grammatical? Yes or No: Sheela dice che i cani tengono pesce il
A: No

Q: Is this sentence grammatical? Yes or No: Leela afferma che i cani mangiano pesce il
A: No

Q: Is this sentence grammatical? Yes or No: Tom dice che un' uomo tiene una bottiglia
A: Yes

Q: Is this sentence grammatical? Yes or No: Maria osserva che un' uomo porta cappello un
A: No

Q: Is this sentence grammatical? Yes or No: Sheela sa che i ragazzi portano giocattolo il
A: No

Q: Is this sentence grammatical? Yes or No: Leela afferma che gli insegnanti salgono scala la
A: No

Q: Is this sentence grammatical? Yes or No: Harry osserva che il cane porta bottiglia la
A: No

Q: Is this sentence grammatical? Yes or No: Leela sa che il gatto porta un giornale
A: ",Leela sa che il gatto porta un giornale,No,Yes,,0
62,ita-r-2-subordinate,"We will give you examples of Italian sentences that follow or violate the rules of a shared grammar, along with labels 'Yes' or 'No'. You will then generate a label, 'Yes' or 'No', for a new unlabeled sentence that may follow or violate the same grammar rules.

Q: Is this sentence grammatical? Yes or No: Leela vede che gli insegnanti portano giornale il
A: No

Q: Is this sentence grammatical? Yes or No: Gomu dice che il cane tiene giocattolo il
A: No

Q: Is this sentence grammatical? Yes or No: Gomu osserva che il cane porta la bottiglia
A: Yes

Q: Is this sentence grammatical? Yes or No: Sheela dice che i cani tengono il pesce
A: Yes

Q: Is this sentence grammatical? Yes or No: Leela afferma che i cani mangiano il pesce
A: Yes

Q: Is this sentence grammatical? Yes or No: Tom dice che un' uomo tiene una bottiglia
A: Yes

Q: Is this sentence grammatical? Yes or No: Maria osserva che un' uomo porta cappello un
A: No

Q: Is this sentence grammatical? Yes or No: Sheela sa che i ragazzi portano giocattolo il
A: No

Q: Is this sentence grammatical? Yes or No: Leela afferma che gli insegnanti salgono la scala
A: Yes

Q: Is this sentence grammatical? Yes or No: Harry osserva che il cane porta la bottiglia
A: Yes

Q: Is this sentence grammatical? Yes or No: Leela vede che il cane tiene lampadina la
A: ",Leela vede che il cane tiene lampadina la,No,No,,0
63,ita-r-2-subordinate,"We will give you examples of Italian sentences that follow or violate the rules of a shared grammar, along with labels 'Yes' or 'No'. You will then generate a label, 'Yes' or 'No', for a new unlabeled sentence that may follow or violate the same grammar rules.

Q: Is this sentence grammatical? Yes or No: Leela vede che gli insegnanti portano giornale il
A: No

Q: Is this sentence grammatical? Yes or No: Gomu dice che il cane tiene giocattolo il
A: No

Q: Is this sentence grammatical? Yes or No: Gomu osserva che il cane porta la bottiglia
A: Yes

Q: Is this sentence grammatical? Yes or No: Sheela dice che i cani tengono pesce il
A: No

Q: Is this sentence grammatical? Yes or No: Leela afferma che i cani mangiano il pesce
A: Yes

Q: Is this sentence grammatical? Yes or No: Tom dice che un' uomo tiene bottiglia una
A: No

Q: Is this sentence grammatical? Yes or No: Maria osserva che un' uomo porta cappello un
A: No

Q: Is this sentence grammatical? Yes or No: Sheela sa che i ragazzi portano giocattolo il
A: No

Q: Is this sentence grammatical? Yes or No: Leela afferma che gli insegnanti salgono la scala
A: Yes

Q: Is this sentence grammatical? Yes or No: Harry osserva che il cane porta bottiglia la
A: No

Q: Is this sentence grammatical? Yes or No: John afferma che i cani portano il pesce
A: ",John afferma che i cani portano il pesce,Yes,Yes,,0
64,ita-r-2-subordinate,"We will give you examples of Italian sentences that follow or violate the rules of a shared grammar, along with labels 'Yes' or 'No'. You will then generate a label, 'Yes' or 'No', for a new unlabeled sentence that may follow or violate the same grammar rules.

Q: Is this sentence grammatical? Yes or No: Leela vede che gli insegnanti portano giornale il
A: No

Q: Is this sentence grammatical? Yes or No: Gomu dice che il cane tiene giocattolo il
A: No

Q: Is this sentence grammatical? Yes or No: Gomu osserva che il cane porta la bottiglia
A: Yes

Q: Is this sentence grammatical? Yes or No: Sheela dice che i cani tengono il pesce
A: Yes

Q: Is this sentence grammatical? Yes or No: Leela afferma che i cani mangiano il pesce
A: Yes

Q: Is this sentence grammatical? Yes or No: Tom dice che un' uomo tiene bottiglia una
A: No

Q: Is this sentence grammatical? Yes or No: Maria osserva che un' uomo porta un cappello
A: Yes

Q: Is this sentence grammatical? Yes or No: Sheela sa che i ragazzi portano il giocattolo
A: Yes

Q: Is this sentence grammatical? Yes or No: Leela afferma che gli insegnanti salgono la scala
A: Yes

Q: Is this sentence grammatical? Yes or No: Harry osserva che il cane porta la bottiglia
A: Yes

Q: Is this sentence grammatical? Yes or No: Harry sa che un ragazzo porta topo un
A: ",Harry sa che un ragazzo porta topo un,No,No,,0
65,ita-r-2-subordinate,"We will give you examples of Italian sentences that follow or violate the rules of a shared grammar, along with labels 'Yes' or 'No'. You will then generate a label, 'Yes' or 'No', for a new unlabeled sentence that may follow or violate the same grammar rules.

Q: Is this sentence grammatical? Yes or No: Leela vede che gli insegnanti portano il giornale
A: Yes

Q: Is this sentence grammatical? Yes or No: Gomu dice che il cane tiene giocattolo il
A: No

Q: Is this sentence grammatical? Yes or No: Gomu osserva che il cane porta bottiglia la
A: No

Q: Is this sentence grammatical? Yes or No: Sheela dice che i cani tengono il pesce
A: Yes

Q: Is this sentence grammatical? Yes or No: Leela afferma che i cani mangiano il pesce
A: Yes

Q: Is this sentence grammatical? Yes or No: Tom dice che un' uomo tiene una bottiglia
A: Yes

Q: Is this sentence grammatical? Yes or No: Maria osserva che un' uomo porta cappello un
A: No

Q: Is this sentence grammatical? Yes or No: Sheela sa che i ragazzi portano giocattolo il
A: No

Q: Is this sentence grammatical? Yes or No: Leela afferma che gli insegnanti salgono scala la
A: No

Q: Is this sentence grammatical? Yes or No: Harry osserva che il cane porta bottiglia la
A: No

Q: Is this sentence grammatical? Yes or No: Maria sa che un cane prende la lampadina
A: ",Maria sa che un cane prende la lampadina,Yes,Yes,,0
66,ita-r-2-subordinate,"We will give you examples of Italian sentences that follow or violate the rules of a shared grammar, along with labels 'Yes' or 'No'. You will then generate a label, 'Yes' or 'No', for a new unlabeled sentence that may follow or violate the same grammar rules.

Q: Is this sentence grammatical? Yes or No: Leela vede che gli insegnanti portano giornale il
A: No

Q: Is this sentence grammatical? Yes or No: Gomu dice che il cane tiene giocattolo il
A: No

Q: Is this sentence grammatical? Yes or No: Gomu osserva che il cane porta la bottiglia
A: Yes

Q: Is this sentence grammatical? Yes or No: Sheela dice che i cani tengono il pesce
A: Yes

Q: Is this sentence grammatical? Yes or No: Leela afferma che i cani mangiano il pesce
A: Yes

Q: Is this sentence grammatical? Yes or No: Tom dice che un' uomo tiene bottiglia una
A: No

Q: Is this sentence grammatical? Yes or No: Maria osserva che un' uomo porta un cappello
A: Yes

Q: Is this sentence grammatical? Yes or No: Sheela sa che i ragazzi portano il giocattolo
A: Yes

Q: Is this sentence grammatical? Yes or No: Leela afferma che gli insegnanti salgono scala la
A: No

Q: Is this sentence grammatical? Yes or No: Harry osserva che il cane porta la bottiglia
A: Yes

Q: Is this sentence grammatical? Yes or No: Leela sa che un' insegnante porta una scatola
A: ",Leela sa che un' insegnante porta una scatola,Yes,Yes,,0
67,ita-r-2-subordinate,"We will give you examples of Italian sentences that follow or violate the rules of a shared grammar, along with labels 'Yes' or 'No'. You will then generate a label, 'Yes' or 'No', for a new unlabeled sentence that may follow or violate the same grammar rules.

Q: Is this sentence grammatical? Yes or No: Leela vede che gli insegnanti portano il giornale
A: Yes

Q: Is this sentence grammatical? Yes or No: Gomu dice che il cane tiene il giocattolo
A: Yes

Q: Is this sentence grammatical? Yes or No: Gomu osserva che il cane porta la bottiglia
A: Yes

Q: Is this sentence grammatical? Yes or No: Sheela dice che i cani tengono pesce il
A: No

Q: Is this sentence grammatical? Yes or No: Leela afferma che i cani mangiano pesce il
A: No

Q: Is this sentence grammatical? Yes or No: Tom dice che un' uomo tiene una bottiglia
A: Yes

Q: Is this sentence grammatical? Yes or No: Maria osserva che un' uomo porta un cappello
A: Yes

Q: Is this sentence grammatical? Yes or No: Sheela sa che i ragazzi portano il giocattolo
A: Yes

Q: Is this sentence grammatical? Yes or No: Leela afferma che gli insegnanti salgono la scala
A: Yes

Q: Is this sentence grammatical? Yes or No: Harry osserva che il cane porta la bottiglia
A: Yes

Q: Is this sentence grammatical? Yes or No: Sheela sa che i ragazzi portano il cappello
A: ",Sheela sa che i ragazzi portano il cappello,Yes,Yes,,0
68,ita-r-2-subordinate,"We will give you examples of Italian sentences that follow or violate the rules of a shared grammar, along with labels 'Yes' or 'No'. You will then generate a label, 'Yes' or 'No', for a new unlabeled sentence that may follow or violate the same grammar rules.

Q: Is this sentence grammatical? Yes or No: Leela vede che gli insegnanti portano il giornale
A: Yes

Q: Is this sentence grammatical? Yes or No: Gomu dice che il cane tiene giocattolo il
A: No

Q: Is this sentence grammatical? Yes or No: Gomu osserva che il cane porta la bottiglia
A: Yes

Q: Is this sentence grammatical? Yes or No: Sheela dice che i cani tengono il pesce
A: Yes

Q: Is this sentence grammatical? Yes or No: Leela afferma che i cani mangiano il pesce
A: Yes

Q: Is this sentence grammatical? Yes or No: Tom dice che un' uomo tiene bottiglia una
A: No

Q: Is this sentence grammatical? Yes or No: Maria osserva che un' uomo porta un cappello
A: Yes

Q: Is this sentence grammatical? Yes or No: Sheela sa che i ragazzi portano giocattolo il
A: No

Q: Is this sentence grammatical? Yes or No: Leela afferma che gli insegnanti salgono la scala
A: Yes

Q: Is this sentence grammatical? Yes or No: Harry osserva che il cane porta la bottiglia
A: Yes

Q: Is this sentence grammatical? Yes or No: Leela vede che un' uomo porta bottiglia la
A: ",Leela vede che un' uomo porta bottiglia la,No,No,,0
69,ita-r-2-subordinate,"We will give you examples of Italian sentences that follow or violate the rules of a shared grammar, along with labels 'Yes' or 'No'. You will then generate a label, 'Yes' or 'No', for a new unlabeled sentence that may follow or violate the same grammar rules.

Q: Is this sentence grammatical? Yes or No: Leela vede che gli insegnanti portano giornale il
A: No

Q: Is this sentence grammatical? Yes or No: Gomu dice che il cane tiene il giocattolo
A: Yes

Q: Is this sentence grammatical? Yes or No: Gomu osserva che il cane porta la bottiglia
A: Yes

Q: Is this sentence grammatical? Yes or No: Sheela dice che i cani tengono il pesce
A: Yes

Q: Is this sentence grammatical? Yes or No: Leela afferma che i cani mangiano pesce il
A: No

Q: Is this sentence grammatical? Yes or No: Tom dice che un' uomo tiene bottiglia una
A: No

Q: Is this sentence grammatical? Yes or No: Maria osserva che un' uomo porta un cappello
A: Yes

Q: Is this sentence grammatical? Yes or No: Sheela sa che i ragazzi portano giocattolo il
A: No

Q: Is this sentence grammatical? Yes or No: Leela afferma che gli insegnanti salgono la scala
A: Yes

Q: Is this sentence grammatical? Yes or No: Harry osserva che il cane porta la bottiglia
A: Yes

Q: Is this sentence grammatical? Yes or No: Maria afferma che un' uomo prende gesso il
A: ",Maria afferma che un' uomo prende gesso il,No,No,,0
70,ita-r-2-subordinate,"We will give you examples of Italian sentences that follow or violate the rules of a shared grammar, along with labels 'Yes' or 'No'. You will then generate a label, 'Yes' or 'No', for a new unlabeled sentence that may follow or violate the same grammar rules.

Q: Is this sentence grammatical? Yes or No: Leela vede che gli insegnanti portano giornale il
A: No

Q: Is this sentence grammatical? Yes or No: Gomu dice che il cane tiene giocattolo il
A: No

Q: Is this sentence grammatical? Yes or No: Gomu osserva che il cane porta bottiglia la
A: No

Q: Is this sentence grammatical? Yes or No: Sheela dice che i cani tengono pesce il
A: No

Q: Is this sentence grammatical? Yes or No: Leela afferma che i cani mangiano il pesce
A: Yes

Q: Is this sentence grammatical? Yes or No: Tom dice che un' uomo tiene bottiglia una
A: No

Q: Is this sentence grammatical? Yes or No: Maria osserva che un' uomo porta un cappello
A: Yes

Q: Is this sentence grammatical? Yes or No: Sheela sa che i ragazzi portano giocattolo il
A: No

Q: Is this sentence grammatical? Yes or No: Leela afferma che gli insegnanti salgono scala la
A: No

Q: Is this sentence grammatical? Yes or No: Harry osserva che il cane porta bottiglia la
A: No

Q: Is this sentence grammatical? Yes or No: Leela vede che un cane porta la tazza
A: ",Leela vede che un cane porta la tazza,Yes,Yes,,0
71,ita-r-2-subordinate,"We will give you examples of Italian sentences that follow or violate the rules of a shared grammar, along with labels 'Yes' or 'No'. You will then generate a label, 'Yes' or 'No', for a new unlabeled sentence that may follow or violate the same grammar rules.

Q: Is this sentence grammatical? Yes or No: Leela vede che gli insegnanti portano giornale il
A: No

Q: Is this sentence grammatical? Yes or No: Gomu dice che il cane tiene giocattolo il
A: No

Q: Is this sentence grammatical? Yes or No: Gomu osserva che il cane porta la bottiglia
A: Yes

Q: Is this sentence grammatical? Yes or No: Sheela dice che i cani tengono il pesce
A: Yes

Q: Is this sentence grammatical? Yes or No: Leela afferma che i cani mangiano il pesce
A: Yes

Q: Is this sentence grammatical? Yes or No: Tom dice che un' uomo tiene una bottiglia
A: Yes

Q: Is this sentence grammatical? Yes or No: Maria osserva che un' uomo porta un cappello
A: Yes

Q: Is this sentence grammatical? Yes or No: Sheela sa che i ragazzi portano il giocattolo
A: Yes

Q: Is this sentence grammatical? Yes or No: Leela afferma che gli insegnanti salgono scala la
A: No

Q: Is this sentence grammatical? Yes or No: Harry osserva che il cane porta la bottiglia
A: Yes

Q: Is this sentence grammatical? Yes or No: Tom osserva che l'insegnante porta il gesso
A: ",Tom osserva che l'insegnante porta il gesso,Yes,Yes,,0
72,ita-r-2-subordinate,"We will give you examples of Italian sentences that follow or violate the rules of a shared grammar, along with labels 'Yes' or 'No'. You will then generate a label, 'Yes' or 'No', for a new unlabeled sentence that may follow or violate the same grammar rules.

Q: Is this sentence grammatical? Yes or No: Leela vede che gli insegnanti portano il giornale
A: Yes

Q: Is this sentence grammatical? Yes or No: Gomu dice che il cane tiene giocattolo il
A: No

Q: Is this sentence grammatical? Yes or No: Gomu osserva che il cane porta bottiglia la
A: No

Q: Is this sentence grammatical? Yes or No: Sheela dice che i cani tengono pesce il
A: No

Q: Is this sentence grammatical? Yes or No: Leela afferma che i cani mangiano il pesce
A: Yes

Q: Is this sentence grammatical? Yes or No: Tom dice che un' uomo tiene una bottiglia
A: Yes

Q: Is this sentence grammatical? Yes or No: Maria osserva che un' uomo porta un cappello
A: Yes

Q: Is this sentence grammatical? Yes or No: Sheela sa che i ragazzi portano il giocattolo
A: Yes

Q: Is this sentence grammatical? Yes or No: Leela afferma che gli insegnanti salgono scala la
A: No

Q: Is this sentence grammatical? Yes or No: Harry osserva che il cane porta la bottiglia
A: Yes

Q: Is this sentence grammatical? Yes or No: Leela dice che i gatti portano giornale il
A: ",Leela dice che i gatti portano giornale il,No,No,,0
73,ita-r-2-subordinate,"We will give you examples of Italian sentences that follow or violate the rules of a shared grammar, along with labels 'Yes' or 'No'. You will then generate a label, 'Yes' or 'No', for a new unlabeled sentence that may follow or violate the same grammar rules.

Q: Is this sentence grammatical? Yes or No: Leela vede che gli insegnanti portano il giornale
A: Yes

Q: Is this sentence grammatical? Yes or No: Gomu dice che il cane tiene giocattolo il
A: No

Q: Is this sentence grammatical? Yes or No: Gomu osserva che il cane porta la bottiglia
A: Yes

Q: Is this sentence grammatical? Yes or No: Sheela dice che i cani tengono il pesce
A: Yes

Q: Is this sentence grammatical? Yes or No: Leela afferma che i cani mangiano il pesce
A: Yes

Q: Is this sentence grammatical? Yes or No: Tom dice che un' uomo tiene una bottiglia
A: Yes

Q: Is this sentence grammatical? Yes or No: Maria osserva che un' uomo porta un cappello
A: Yes

Q: Is this sentence grammatical? Yes or No: Sheela sa che i ragazzi portano il giocattolo
A: Yes

Q: Is this sentence grammatical? Yes or No: Leela afferma che gli insegnanti salgono la scala
A: Yes

Q: Is this sentence grammatical? Yes or No: Harry osserva che il cane porta bottiglia la
A: No

Q: Is this sentence grammatical? Yes or No: Leela osserva che un gatto tiene il topo
A: ",Leela osserva che un gatto tiene il topo,Yes,Yes,,0
74,ita-r-2-subordinate,"We will give you examples of Italian sentences that follow or violate the rules of a shared grammar, along with labels 'Yes' or 'No'. You will then generate a label, 'Yes' or 'No', for a new unlabeled sentence that may follow or violate the same grammar rules.

Q: Is this sentence grammatical? Yes or No: Leela vede che gli insegnanti portano il giornale
A: Yes

Q: Is this sentence grammatical? Yes or No: Gomu dice che il cane tiene giocattolo il
A: No

Q: Is this sentence grammatical? Yes or No: Gomu osserva che il cane porta la bottiglia
A: Yes

Q: Is this sentence grammatical? Yes or No: Sheela dice che i cani tengono pesce il
A: No

Q: Is this sentence grammatical? Yes or No: Leela afferma che i cani mangiano il pesce
A: Yes

Q: Is this sentence grammatical? Yes or No: Tom dice che un' uomo tiene una bottiglia
A: Yes

Q: Is this sentence grammatical? Yes or No: Maria osserva che un' uomo porta un cappello
A: Yes

Q: Is this sentence grammatical? Yes or No: Sheela sa che i ragazzi portano il giocattolo
A: Yes

Q: Is this sentence grammatical? Yes or No: Leela afferma che gli insegnanti salgono scala la
A: No

Q: Is this sentence grammatical? Yes or No: Harry osserva che il cane porta la bottiglia
A: Yes

Q: Is this sentence grammatical? Yes or No: Sheela sa che una ragazza tiene cappello un
A: ",Sheela sa che una ragazza tiene cappello un,No,No,,0
75,ita-r-2-subordinate,"We will give you examples of Italian sentences that follow or violate the rules of a shared grammar, along with labels 'Yes' or 'No'. You will then generate a label, 'Yes' or 'No', for a new unlabeled sentence that may follow or violate the same grammar rules.

Q: Is this sentence grammatical? Yes or No: Leela vede che gli insegnanti portano giornale il
A: No

Q: Is this sentence grammatical? Yes or No: Gomu dice che il cane tiene il giocattolo
A: Yes

Q: Is this sentence grammatical? Yes or No: Gomu osserva che il cane porta bottiglia la
A: No

Q: Is this sentence grammatical? Yes or No: Sheela dice che i cani tengono il pesce
A: Yes

Q: Is this sentence grammatical? Yes or No: Leela afferma che i cani mangiano pesce il
A: No

Q: Is this sentence grammatical? Yes or No: Tom dice che un' uomo tiene una bottiglia
A: Yes

Q: Is this sentence grammatical? Yes or No: Maria osserva che un' uomo porta cappello un
A: No

Q: Is this sentence grammatical? Yes or No: Sheela sa che i ragazzi portano giocattolo il
A: No

Q: Is this sentence grammatical? Yes or No: Leela afferma che gli insegnanti salgono la scala
A: Yes

Q: Is this sentence grammatical? Yes or No: Harry osserva che il cane porta bottiglia la
A: No

Q: Is this sentence grammatical? Yes or No: John afferma che i ragazzi portano giocattolo il
A: ",John afferma che i ragazzi portano giocattolo il,Yes,No,,0
76,ita-r-2-subordinate,"We will give you examples of Italian sentences that follow or violate the rules of a shared grammar, along with labels 'Yes' or 'No'. You will then generate a label, 'Yes' or 'No', for a new unlabeled sentence that may follow or violate the same grammar rules.

Q: Is this sentence grammatical? Yes or No: Leela vede che gli insegnanti portano il giornale
A: Yes

Q: Is this sentence grammatical? Yes or No: Gomu dice che il cane tiene il giocattolo
A: Yes

Q: Is this sentence grammatical? Yes or No: Gomu osserva che il cane porta la bottiglia
A: Yes

Q: Is this sentence grammatical? Yes or No: Sheela dice che i cani tengono il pesce
A: Yes

Q: Is this sentence grammatical? Yes or No: Leela afferma che i cani mangiano pesce il
A: No

Q: Is this sentence grammatical? Yes or No: Tom dice che un' uomo tiene una bottiglia
A: Yes

Q: Is this sentence grammatical? Yes or No: Maria osserva che un' uomo porta un cappello
A: Yes

Q: Is this sentence grammatical? Yes or No: Sheela sa che i ragazzi portano il giocattolo
A: Yes

Q: Is this sentence grammatical? Yes or No: Leela afferma che gli insegnanti salgono la scala
A: Yes

Q: Is this sentence grammatical? Yes or No: Harry osserva che il cane porta bottiglia la
A: No

Q: Is this sentence grammatical? Yes or No: Maria afferma che l'insegnante porta topo il
A: ",Maria afferma che l'insegnante porta topo il,No,No,,0
77,ita-r-2-subordinate,"We will give you examples of Italian sentences that follow or violate the rules of a shared grammar, along with labels 'Yes' or 'No'. You will then generate a label, 'Yes' or 'No', for a new unlabeled sentence that may follow or violate the same grammar rules.

Q: Is this sentence grammatical? Yes or No: Leela vede che gli insegnanti portano giornale il
A: No

Q: Is this sentence grammatical? Yes or No: Gomu dice che il cane tiene il giocattolo
A: Yes

Q: Is this sentence grammatical? Yes or No: Gomu osserva che il cane porta bottiglia la
A: No

Q: Is this sentence grammatical? Yes or No: Sheela dice che i cani tengono pesce il
A: No

Q: Is this sentence grammatical? Yes or No: Leela afferma che i cani mangiano il pesce
A: Yes

Q: Is this sentence grammatical? Yes or No: Tom dice che un' uomo tiene bottiglia una
A: No

Q: Is this sentence grammatical? Yes or No: Maria osserva che un' uomo porta cappello un
A: No

Q: Is this sentence grammatical? Yes or No: Sheela sa che i ragazzi portano il giocattolo
A: Yes

Q: Is this sentence grammatical? Yes or No: Leela afferma che gli insegnanti salgono scala la
A: No

Q: Is this sentence grammatical? Yes or No: Harry osserva che il cane porta la bottiglia
A: Yes

Q: Is this sentence grammatical? Yes or No: Harry vede che le ragazze tengono pesce il
A: ",Harry vede che le ragazze tengono pesce il,No,No,,0
78,ita-r-2-subordinate,"We will give you examples of Italian sentences that follow or violate the rules of a shared grammar, along with labels 'Yes' or 'No'. You will then generate a label, 'Yes' or 'No', for a new unlabeled sentence that may follow or violate the same grammar rules.

Q: Is this sentence grammatical? Yes or No: Leela vede che gli insegnanti portano giornale il
A: No

Q: Is this sentence grammatical? Yes or No: Gomu dice che il cane tiene il giocattolo
A: Yes

Q: Is this sentence grammatical? Yes or No: Gomu osserva che il cane porta bottiglia la
A: No

Q: Is this sentence grammatical? Yes or No: Sheela dice che i cani tengono il pesce
A: Yes

Q: Is this sentence grammatical? Yes or No: Leela afferma che i cani mangiano il pesce
A: Yes

Q: Is this sentence grammatical? Yes or No: Tom dice che un' uomo tiene una bottiglia
A: Yes

Q: Is this sentence grammatical? Yes or No: Maria osserva che un' uomo porta un cappello
A: Yes

Q: Is this sentence grammatical? Yes or No: Sheela sa che i ragazzi portano giocattolo il
A: No

Q: Is this sentence grammatical? Yes or No: Leela afferma che gli insegnanti salgono scala la
A: No

Q: Is this sentence grammatical? Yes or No: Harry osserva che il cane porta la bottiglia
A: Yes

Q: Is this sentence grammatical? Yes or No: Gomu osserva che le ragazze salgono scala la
A: ",Gomu osserva che le ragazze salgono scala la,No,No,,0
79,ita-r-2-subordinate,"We will give you examples of Italian sentences that follow or violate the rules of a shared grammar, along with labels 'Yes' or 'No'. You will then generate a label, 'Yes' or 'No', for a new unlabeled sentence that may follow or violate the same grammar rules.

Q: Is this sentence grammatical? Yes or No: Leela vede che gli insegnanti portano giornale il
A: No

Q: Is this sentence grammatical? Yes or No: Gomu dice che il cane tiene giocattolo il
A: No

Q: Is this sentence grammatical? Yes or No: Gomu osserva che il cane porta bottiglia la
A: No

Q: Is this sentence grammatical? Yes or No: Sheela dice che i cani tengono il pesce
A: Yes

Q: Is this sentence grammatical? Yes or No: Leela afferma che i cani mangiano pesce il
A: No

Q: Is this sentence grammatical? Yes or No: Tom dice che un' uomo tiene una bottiglia
A: Yes

Q: Is this sentence grammatical? Yes or No: Maria osserva che un' uomo porta cappello un
A: No

Q: Is this sentence grammatical? Yes or No: Sheela sa che i ragazzi portano giocattolo il
A: No

Q: Is this sentence grammatical? Yes or No: Leela afferma che gli insegnanti salgono la scala
A: Yes

Q: Is this sentence grammatical? Yes or No: Harry osserva che il cane porta la bottiglia
A: Yes

Q: Is this sentence grammatical? Yes or No: Sheela dice che i cani portano tazza la
A: ",Sheela dice che i cani portano tazza la,No,No,,0
80,ita-r-2-subordinate,"We will give you examples of Italian sentences that follow or violate the rules of a shared grammar, along with labels 'Yes' or 'No'. You will then generate a label, 'Yes' or 'No', for a new unlabeled sentence that may follow or violate the same grammar rules.

Q: Is this sentence grammatical? Yes or No: Leela vede che gli insegnanti portano il giornale
A: Yes

Q: Is this sentence grammatical? Yes or No: Gomu dice che il cane tiene giocattolo il
A: No

Q: Is this sentence grammatical? Yes or No: Gomu osserva che il cane porta la bottiglia
A: Yes

Q: Is this sentence grammatical? Yes or No: Sheela dice che i cani tengono il pesce
A: Yes

Q: Is this sentence grammatical? Yes or No: Leela afferma che i cani mangiano pesce il
A: No

Q: Is this sentence grammatical? Yes or No: Tom dice che un' uomo tiene bottiglia una
A: No

Q: Is this sentence grammatical? Yes or No: Maria osserva che un' uomo porta un cappello
A: Yes

Q: Is this sentence grammatical? Yes or No: Sheela sa che i ragazzi portano il giocattolo
A: Yes

Q: Is this sentence grammatical? Yes or No: Leela afferma che gli insegnanti salgono la scala
A: Yes

Q: Is this sentence grammatical? Yes or No: Harry osserva che il cane porta la bottiglia
A: Yes

Q: Is this sentence grammatical? Yes or No: John osserva che i ragazzi portano il topo
A: ",John osserva che i ragazzi portano il topo,No,Yes,,0
81,ita-r-2-subordinate,"We will give you examples of Italian sentences that follow or violate the rules of a shared grammar, along with labels 'Yes' or 'No'. You will then generate a label, 'Yes' or 'No', for a new unlabeled sentence that may follow or violate the same grammar rules.

Q: Is this sentence grammatical? Yes or No: Leela vede che gli insegnanti portano il giornale
A: Yes

Q: Is this sentence grammatical? Yes or No: Gomu dice che il cane tiene il giocattolo
A: Yes

Q: Is this sentence grammatical? Yes or No: Gomu osserva che il cane porta bottiglia la
A: No

Q: Is this sentence grammatical? Yes or No: Sheela dice che i cani tengono il pesce
A: Yes

Q: Is this sentence grammatical? Yes or No: Leela afferma che i cani mangiano il pesce
A: Yes

Q: Is this sentence grammatical? Yes or No: Tom dice che un' uomo tiene bottiglia una
A: No

Q: Is this sentence grammatical? Yes or No: Maria osserva che un' uomo porta cappello un
A: No

Q: Is this sentence grammatical? Yes or No: Sheela sa che i ragazzi portano il giocattolo
A: Yes

Q: Is this sentence grammatical? Yes or No: Leela afferma che gli insegnanti salgono la scala
A: Yes

Q: Is this sentence grammatical? Yes or No: Harry osserva che il cane porta la bottiglia
A: Yes

Q: Is this sentence grammatical? Yes or No: Maria osserva che i gatti portano la bottiglia
A: ",Maria osserva che i gatti portano la bottiglia,No,Yes,,0
82,ita-r-2-subordinate,"We will give you examples of Italian sentences that follow or violate the rules of a shared grammar, along with labels 'Yes' or 'No'. You will then generate a label, 'Yes' or 'No', for a new unlabeled sentence that may follow or violate the same grammar rules.

Q: Is this sentence grammatical? Yes or No: Leela vede che gli insegnanti portano giornale il
A: No

Q: Is this sentence grammatical? Yes or No: Gomu dice che il cane tiene il giocattolo
A: Yes

Q: Is this sentence grammatical? Yes or No: Gomu osserva che il cane porta la bottiglia
A: Yes

Q: Is this sentence grammatical? Yes or No: Sheela dice che i cani tengono pesce il
A: No

Q: Is this sentence grammatical? Yes or No: Leela afferma che i cani mangiano pesce il
A: No

Q: Is this sentence grammatical? Yes or No: Tom dice che un' uomo tiene una bottiglia
A: Yes

Q: Is this sentence grammatical? Yes or No: Maria osserva che un' uomo porta un cappello
A: Yes

Q: Is this sentence grammatical? Yes or No: Sheela sa che i ragazzi portano giocattolo il
A: No

Q: Is this sentence grammatical? Yes or No: Leela afferma che gli insegnanti salgono la scala
A: Yes

Q: Is this sentence grammatical? Yes or No: Harry osserva che il cane porta bottiglia la
A: No

Q: Is this sentence grammatical? Yes or No: Tom vede che gli uomini portano il giocattolo
A: ",Tom vede che gli uomini portano il giocattolo,Yes,Yes,,0
83,ita-r-2-subordinate,"We will give you examples of Italian sentences that follow or violate the rules of a shared grammar, along with labels 'Yes' or 'No'. You will then generate a label, 'Yes' or 'No', for a new unlabeled sentence that may follow or violate the same grammar rules.

Q: Is this sentence grammatical? Yes or No: Leela vede che gli insegnanti portano il giornale
A: Yes

Q: Is this sentence grammatical? Yes or No: Gomu dice che il cane tiene giocattolo il
A: No

Q: Is this sentence grammatical? Yes or No: Gomu osserva che il cane porta bottiglia la
A: No

Q: Is this sentence grammatical? Yes or No: Sheela dice che i cani tengono pesce il
A: No

Q: Is this sentence grammatical? Yes or No: Leela afferma che i cani mangiano il pesce
A: Yes

Q: Is this sentence grammatical? Yes or No: Tom dice che un' uomo tiene una bottiglia
A: Yes

Q: Is this sentence grammatical? Yes or No: Maria osserva che un' uomo porta cappello un
A: No

Q: Is this sentence grammatical? Yes or No: Sheela sa che i ragazzi portano il giocattolo
A: Yes

Q: Is this sentence grammatical? Yes or No: Leela afferma che gli insegnanti salgono scala la
A: No

Q: Is this sentence grammatical? Yes or No: Harry osserva che il cane porta bottiglia la
A: No

Q: Is this sentence grammatical? Yes or No: Gomu dice che la ragazza legge libro un
A: ",Gomu dice che la ragazza legge libro un,No,No,,0
84,ita-r-2-subordinate,"We will give you examples of Italian sentences that follow or violate the rules of a shared grammar, along with labels 'Yes' or 'No'. You will then generate a label, 'Yes' or 'No', for a new unlabeled sentence that may follow or violate the same grammar rules.

Q: Is this sentence grammatical? Yes or No: Leela vede che gli insegnanti portano il giornale
A: Yes

Q: Is this sentence grammatical? Yes or No: Gomu dice che il cane tiene il giocattolo
A: Yes

Q: Is this sentence grammatical? Yes or No: Gomu osserva che il cane porta bottiglia la
A: No

Q: Is this sentence grammatical? Yes or No: Sheela dice che i cani tengono pesce il
A: No

Q: Is this sentence grammatical? Yes or No: Leela afferma che i cani mangiano pesce il
A: No

Q: Is this sentence grammatical? Yes or No: Tom dice che un' uomo tiene una bottiglia
A: Yes

Q: Is this sentence grammatical? Yes or No: Maria osserva che un' uomo porta un cappello
A: Yes

Q: Is this sentence grammatical? Yes or No: Sheela sa che i ragazzi portano giocattolo il
A: No

Q: Is this sentence grammatical? Yes or No: Leela afferma che gli insegnanti salgono la scala
A: Yes

Q: Is this sentence grammatical? Yes or No: Harry osserva che il cane porta la bottiglia
A: Yes

Q: Is this sentence grammatical? Yes or No: Gomu osserva che il ragazzo porta il giocattolo
A: ",Gomu osserva che il ragazzo porta il giocattolo,Yes,Yes,,0
85,ita-r-2-subordinate,"We will give you examples of Italian sentences that follow or violate the rules of a shared grammar, along with labels 'Yes' or 'No'. You will then generate a label, 'Yes' or 'No', for a new unlabeled sentence that may follow or violate the same grammar rules.

Q: Is this sentence grammatical? Yes or No: Leela vede che gli insegnanti portano il giornale
A: Yes

Q: Is this sentence grammatical? Yes or No: Gomu dice che il cane tiene giocattolo il
A: No

Q: Is this sentence grammatical? Yes or No: Gomu osserva che il cane porta la bottiglia
A: Yes

Q: Is this sentence grammatical? Yes or No: Sheela dice che i cani tengono pesce il
A: No

Q: Is this sentence grammatical? Yes or No: Leela afferma che i cani mangiano pesce il
A: No

Q: Is this sentence grammatical? Yes or No: Tom dice che un' uomo tiene bottiglia una
A: No

Q: Is this sentence grammatical? Yes or No: Maria osserva che un' uomo porta un cappello
A: Yes

Q: Is this sentence grammatical? Yes or No: Sheela sa che i ragazzi portano il giocattolo
A: Yes

Q: Is this sentence grammatical? Yes or No: Leela afferma che gli insegnanti salgono scala la
A: No

Q: Is this sentence grammatical? Yes or No: Harry osserva che il cane porta la bottiglia
A: Yes

Q: Is this sentence grammatical? Yes or No: Leela afferma che i gatti tengono la bottiglia
A: ",Leela afferma che i gatti tengono la bottiglia,No,Yes,,0
86,ita-r-2-subordinate,"We will give you examples of Italian sentences that follow or violate the rules of a shared grammar, along with labels 'Yes' or 'No'. You will then generate a label, 'Yes' or 'No', for a new unlabeled sentence that may follow or violate the same grammar rules.

Q: Is this sentence grammatical? Yes or No: Leela vede che gli insegnanti portano il giornale
A: Yes

Q: Is this sentence grammatical? Yes or No: Gomu dice che il cane tiene giocattolo il
A: No

Q: Is this sentence grammatical? Yes or No: Gomu osserva che il cane porta la bottiglia
A: Yes

Q: Is this sentence grammatical? Yes or No: Sheela dice che i cani tengono il pesce
A: Yes

Q: Is this sentence grammatical? Yes or No: Leela afferma che i cani mangiano il pesce
A: Yes

Q: Is this sentence grammatical? Yes or No: Tom dice che un' uomo tiene una bottiglia
A: Yes

Q: Is this sentence grammatical? Yes or No: Maria osserva che un' uomo porta un cappello
A: Yes

Q: Is this sentence grammatical? Yes or No: Sheela sa che i ragazzi portano giocattolo il
A: No

Q: Is this sentence grammatical? Yes or No: Leela afferma che gli insegnanti salgono scala la
A: No

Q: Is this sentence grammatical? Yes or No: Harry osserva che il cane porta la bottiglia
A: Yes

Q: Is this sentence grammatical? Yes or No: Harry osserva che gli insegnanti leggono storia la
A: ",Harry osserva che gli insegnanti leggono storia la,No,No,,0
87,ita-r-2-subordinate,"We will give you examples of Italian sentences that follow or violate the rules of a shared grammar, along with labels 'Yes' or 'No'. You will then generate a label, 'Yes' or 'No', for a new unlabeled sentence that may follow or violate the same grammar rules.

Q: Is this sentence grammatical? Yes or No: Leela vede che gli insegnanti portano il giornale
A: Yes

Q: Is this sentence grammatical? Yes or No: Gomu dice che il cane tiene giocattolo il
A: No

Q: Is this sentence grammatical? Yes or No: Gomu osserva che il cane porta bottiglia la
A: No

Q: Is this sentence grammatical? Yes or No: Sheela dice che i cani tengono il pesce
A: Yes

Q: Is this sentence grammatical? Yes or No: Leela afferma che i cani mangiano il pesce
A: Yes

Q: Is this sentence grammatical? Yes or No: Tom dice che un' uomo tiene una bottiglia
A: Yes

Q: Is this sentence grammatical? Yes or No: Maria osserva che un' uomo porta cappello un
A: No

Q: Is this sentence grammatical? Yes or No: Sheela sa che i ragazzi portano giocattolo il
A: No

Q: Is this sentence grammatical? Yes or No: Leela afferma che gli insegnanti salgono scala la
A: No

Q: Is this sentence grammatical? Yes or No: Harry osserva che il cane porta bottiglia la
A: No

Q: Is this sentence grammatical? Yes or No: Gomu sa che l'uomo porta bottiglia una
A: ",Gomu sa che l'uomo porta bottiglia una,No,No,,0
88,ita-r-2-subordinate,"We will give you examples of Italian sentences that follow or violate the rules of a shared grammar, along with labels 'Yes' or 'No'. You will then generate a label, 'Yes' or 'No', for a new unlabeled sentence that may follow or violate the same grammar rules.

Q: Is this sentence grammatical? Yes or No: Leela vede che gli insegnanti portano il giornale
A: Yes

Q: Is this sentence grammatical? Yes or No: Gomu dice che il cane tiene giocattolo il
A: No

Q: Is this sentence grammatical? Yes or No: Gomu osserva che il cane porta bottiglia la
A: No

Q: Is this sentence grammatical? Yes or No: Sheela dice che i cani tengono pesce il
A: No

Q: Is this sentence grammatical? Yes or No: Leela afferma che i cani mangiano pesce il
A: No

Q: Is this sentence grammatical? Yes or No: Tom dice che un' uomo tiene una bottiglia
A: Yes

Q: Is this sentence grammatical? Yes or No: Maria osserva che un' uomo porta un cappello
A: Yes

Q: Is this sentence grammatical? Yes or No: Sheela sa che i ragazzi portano il giocattolo
A: Yes

Q: Is this sentence grammatical? Yes or No: Leela afferma che gli insegnanti salgono la scala
A: Yes

Q: Is this sentence grammatical? Yes or No: Harry osserva che il cane porta bottiglia la
A: No

Q: Is this sentence grammatical? Yes or No: John dice che il cane porta una lampadina
A: ",John dice che il cane porta una lampadina,No,Yes,,0
89,ita-r-2-subordinate,"We will give you examples of Italian sentences that follow or violate the rules of a shared grammar, along with labels 'Yes' or 'No'. You will then generate a label, 'Yes' or 'No', for a new unlabeled sentence that may follow or violate the same grammar rules.

Q: Is this sentence grammatical? Yes or No: Leela vede che gli insegnanti portano giornale il
A: No

Q: Is this sentence grammatical? Yes or No: Gomu dice che il cane tiene il giocattolo
A: Yes

Q: Is this sentence grammatical? Yes or No: Gomu osserva che il cane porta la bottiglia
A: Yes

Q: Is this sentence grammatical? Yes or No: Sheela dice che i cani tengono il pesce
A: Yes

Q: Is this sentence grammatical? Yes or No: Leela afferma che i cani mangiano pesce il
A: No

Q: Is this sentence grammatical? Yes or No: Tom dice che un' uomo tiene una bottiglia
A: Yes

Q: Is this sentence grammatical? Yes or No: Maria osserva che un' uomo porta cappello un
A: No

Q: Is this sentence grammatical? Yes or No: Sheela sa che i ragazzi portano il giocattolo
A: Yes

Q: Is this sentence grammatical? Yes or No: Leela afferma che gli insegnanti salgono la scala
A: Yes

Q: Is this sentence grammatical? Yes or No: Harry osserva che il cane porta bottiglia la
A: No

Q: Is this sentence grammatical? Yes or No: Leela afferma che l'insegnante legge un libro
A: ",Leela afferma che l'insegnante legge un libro,Yes,Yes,,0
90,ita-r-2-subordinate,"We will give you examples of Italian sentences that follow or violate the rules of a shared grammar, along with labels 'Yes' or 'No'. You will then generate a label, 'Yes' or 'No', for a new unlabeled sentence that may follow or violate the same grammar rules.

Q: Is this sentence grammatical? Yes or No: Leela vede che gli insegnanti portano giornale il
A: No

Q: Is this sentence grammatical? Yes or No: Gomu dice che il cane tiene il giocattolo
A: Yes

Q: Is this sentence grammatical? Yes or No: Gomu osserva che il cane porta la bottiglia
A: Yes

Q: Is this sentence grammatical? Yes or No: Sheela dice che i cani tengono pesce il
A: No

Q: Is this sentence grammatical? Yes or No: Leela afferma che i cani mangiano il pesce
A: Yes

Q: Is this sentence grammatical? Yes or No: Tom dice che un' uomo tiene una bottiglia
A: Yes

Q: Is this sentence grammatical? Yes or No: Maria osserva che un' uomo porta cappello un
A: No

Q: Is this sentence grammatical? Yes or No: Sheela sa che i ragazzi portano giocattolo il
A: No

Q: Is this sentence grammatical? Yes or No: Leela afferma che gli insegnanti salgono la scala
A: Yes

Q: Is this sentence grammatical? Yes or No: Harry osserva che il cane porta bottiglia la
A: No

Q: Is this sentence grammatical? Yes or No: John sa che i cani mangiano la pera
A: ",John sa che i cani mangiano la pera,Yes,Yes,,0
91,ita-r-2-subordinate,"We will give you examples of Italian sentences that follow or violate the rules of a shared grammar, along with labels 'Yes' or 'No'. You will then generate a label, 'Yes' or 'No', for a new unlabeled sentence that may follow or violate the same grammar rules.

Q: Is this sentence grammatical? Yes or No: Leela vede che gli insegnanti portano giornale il
A: No

Q: Is this sentence grammatical? Yes or No: Gomu dice che il cane tiene giocattolo il
A: No

Q: Is this sentence grammatical? Yes or No: Gomu osserva che il cane porta la bottiglia
A: Yes

Q: Is this sentence grammatical? Yes or No: Sheela dice che i cani tengono pesce il
A: No

Q: Is this sentence grammatical? Yes or No: Leela afferma che i cani mangiano pesce il
A: No

Q: Is this sentence grammatical? Yes or No: Tom dice che un' uomo tiene bottiglia una
A: No

Q: Is this sentence grammatical? Yes or No: Maria osserva che un' uomo porta cappello un
A: No

Q: Is this sentence grammatical? Yes or No: Sheela sa che i ragazzi portano giocattolo il
A: No

Q: Is this sentence grammatical? Yes or No: Leela afferma che gli insegnanti salgono scala la
A: No

Q: Is this sentence grammatical? Yes or No: Harry osserva che il cane porta bottiglia la
A: No

Q: Is this sentence grammatical? Yes or No: John osserva che gli uomini portano topo il
A: ",John osserva che gli uomini portano topo il,No,No,,0
92,ita-r-2-subordinate,"We will give you examples of Italian sentences that follow or violate the rules of a shared grammar, along with labels 'Yes' or 'No'. You will then generate a label, 'Yes' or 'No', for a new unlabeled sentence that may follow or violate the same grammar rules.

Q: Is this sentence grammatical? Yes or No: Leela vede che gli insegnanti portano giornale il
A: No

Q: Is this sentence grammatical? Yes or No: Gomu dice che il cane tiene giocattolo il
A: No

Q: Is this sentence grammatical? Yes or No: Gomu osserva che il cane porta la bottiglia
A: Yes

Q: Is this sentence grammatical? Yes or No: Sheela dice che i cani tengono pesce il
A: No

Q: Is this sentence grammatical? Yes or No: Leela afferma che i cani mangiano pesce il
A: No

Q: Is this sentence grammatical? Yes or No: Tom dice che un' uomo tiene una bottiglia
A: Yes

Q: Is this sentence grammatical? Yes or No: Maria osserva che un' uomo porta cappello un
A: No

Q: Is this sentence grammatical? Yes or No: Sheela sa che i ragazzi portano giocattolo il
A: No

Q: Is this sentence grammatical? Yes or No: Leela afferma che gli insegnanti salgono scala la
A: No

Q: Is this sentence grammatical? Yes or No: Harry osserva che il cane porta bottiglia la
A: No

Q: Is this sentence grammatical? Yes or No: Harry vede che gli insegnanti portano la bottiglia
A: ",Harry vede che gli insegnanti portano la bottiglia,No,Yes,,0
93,ita-r-2-subordinate,"We will give you examples of Italian sentences that follow or violate the rules of a shared grammar, along with labels 'Yes' or 'No'. You will then generate a label, 'Yes' or 'No', for a new unlabeled sentence that may follow or violate the same grammar rules.

Q: Is this sentence grammatical? Yes or No: Leela vede che gli insegnanti portano il giornale
A: Yes

Q: Is this sentence grammatical? Yes or No: Gomu dice che il cane tiene giocattolo il
A: No

Q: Is this sentence grammatical? Yes or No: Gomu osserva che il cane porta la bottiglia
A: Yes

Q: Is this sentence grammatical? Yes or No: Sheela dice che i cani tengono pesce il
A: No

Q: Is this sentence grammatical? Yes or No: Leela afferma che i cani mangiano pesce il
A: No

Q: Is this sentence grammatical? Yes or No: Tom dice che un' uomo tiene una bottiglia
A: Yes

Q: Is this sentence grammatical? Yes or No: Maria osserva che un' uomo porta cappello un
A: No

Q: Is this sentence grammatical? Yes or No: Sheela sa che i ragazzi portano giocattolo il
A: No

Q: Is this sentence grammatical? Yes or No: Leela afferma che gli insegnanti salgono la scala
A: Yes

Q: Is this sentence grammatical? Yes or No: Harry osserva che il cane porta bottiglia la
A: No

Q: Is this sentence grammatical? Yes or No: Tom osserva che l' insegnante l'albero scala
A: ",Tom osserva che l' insegnante l'albero scala,No,No,,0
94,ita-r-2-subordinate,"We will give you examples of Italian sentences that follow or violate the rules of a shared grammar, along with labels 'Yes' or 'No'. You will then generate a label, 'Yes' or 'No', for a new unlabeled sentence that may follow or violate the same grammar rules.

Q: Is this sentence grammatical? Yes or No: Leela vede che gli insegnanti portano il giornale
A: Yes

Q: Is this sentence grammatical? Yes or No: Gomu dice che il cane tiene il giocattolo
A: Yes

Q: Is this sentence grammatical? Yes or No: Gomu osserva che il cane porta la bottiglia
A: Yes

Q: Is this sentence grammatical? Yes or No: Sheela dice che i cani tengono pesce il
A: No

Q: Is this sentence grammatical? Yes or No: Leela afferma che i cani mangiano il pesce
A: Yes

Q: Is this sentence grammatical? Yes or No: Tom dice che un' uomo tiene bottiglia una
A: No

Q: Is this sentence grammatical? Yes or No: Maria osserva che un' uomo porta cappello un
A: No

Q: Is this sentence grammatical? Yes or No: Sheela sa che i ragazzi portano il giocattolo
A: Yes

Q: Is this sentence grammatical? Yes or No: Leela afferma che gli insegnanti salgono la scala
A: Yes

Q: Is this sentence grammatical? Yes or No: Harry osserva che il cane porta bottiglia la
A: No

Q: Is this sentence grammatical? Yes or No: Gomu dice che la donna porta tazza una
A: ",Gomu dice che la donna porta tazza una,No,No,,0
95,ita-r-2-subordinate,"We will give you examples of Italian sentences that follow or violate the rules of a shared grammar, along with labels 'Yes' or 'No'. You will then generate a label, 'Yes' or 'No', for a new unlabeled sentence that may follow or violate the same grammar rules.

Q: Is this sentence grammatical? Yes or No: Leela vede che gli insegnanti portano il giornale
A: Yes

Q: Is this sentence grammatical? Yes or No: Gomu dice che il cane tiene il giocattolo
A: Yes

Q: Is this sentence grammatical? Yes or No: Gomu osserva che il cane porta la bottiglia
A: Yes

Q: Is this sentence grammatical? Yes or No: Sheela dice che i cani tengono pesce il
A: No

Q: Is this sentence grammatical? Yes or No: Leela afferma che i cani mangiano il pesce
A: Yes

Q: Is this sentence grammatical? Yes or No: Tom dice che un' uomo tiene una bottiglia
A: Yes

Q: Is this sentence grammatical? Yes or No: Maria osserva che un' uomo porta cappello un
A: No

Q: Is this sentence grammatical? Yes or No: Sheela sa che i ragazzi portano giocattolo il
A: No

Q: Is this sentence grammatical? Yes or No: Leela afferma che gli insegnanti salgono la scala
A: Yes

Q: Is this sentence grammatical? Yes or No: Harry osserva che il cane porta bottiglia la
A: No

Q: Is this sentence grammatical? Yes or No: John dice che i ragazzi leggono poema il
A: ",John dice che i ragazzi leggono poema il,No,No,,0
96,ita-r-2-subordinate,"We will give you examples of Italian sentences that follow or violate the rules of a shared grammar, along with labels 'Yes' or 'No'. You will then generate a label, 'Yes' or 'No', for a new unlabeled sentence that may follow or violate the same grammar rules.

Q: Is this sentence grammatical? Yes or No: Leela vede che gli insegnanti portano giornale il
A: No

Q: Is this sentence grammatical? Yes or No: Gomu dice che il cane tiene il giocattolo
A: Yes

Q: Is this sentence grammatical? Yes or No: Gomu osserva che il cane porta la bottiglia
A: Yes

Q: Is this sentence grammatical? Yes or No: Sheela dice che i cani tengono il pesce
A: Yes

Q: Is this sentence grammatical? Yes or No: Leela afferma che i cani mangiano il pesce
A: Yes

Q: Is this sentence grammatical? Yes or No: Tom dice che un' uomo tiene una bottiglia
A: Yes

Q: Is this sentence grammatical? Yes or No: Maria osserva che un' uomo porta un cappello
A: Yes

Q: Is this sentence grammatical? Yes or No: Sheela sa che i ragazzi portano giocattolo il
A: No

Q: Is this sentence grammatical? Yes or No: Leela afferma che gli insegnanti salgono scala la
A: No

Q: Is this sentence grammatical? Yes or No: Harry osserva che il cane porta bottiglia la
A: No

Q: Is this sentence grammatical? Yes or No: Sheela afferma che il cane prende pesce il
A: ",Sheela afferma che il cane prende pesce il,No,No,,0
97,ita-r-2-subordinate,"We will give you examples of Italian sentences that follow or violate the rules of a shared grammar, along with labels 'Yes' or 'No'. You will then generate a label, 'Yes' or 'No', for a new unlabeled sentence that may follow or violate the same grammar rules.

Q: Is this sentence grammatical? Yes or No: Leela vede che gli insegnanti portano il giornale
A: Yes

Q: Is this sentence grammatical? Yes or No: Gomu dice che il cane tiene giocattolo il
A: No

Q: Is this sentence grammatical? Yes or No: Gomu osserva che il cane porta la bottiglia
A: Yes

Q: Is this sentence grammatical? Yes or No: Sheela dice che i cani tengono il pesce
A: Yes

Q: Is this sentence grammatical? Yes or No: Leela afferma che i cani mangiano il pesce
A: Yes

Q: Is this sentence grammatical? Yes or No: Tom dice che un' uomo tiene una bottiglia
A: Yes

Q: Is this sentence grammatical? Yes or No: Maria osserva che un' uomo porta un cappello
A: Yes

Q: Is this sentence grammatical? Yes or No: Sheela sa che i ragazzi portano giocattolo il
A: No

Q: Is this sentence grammatical? Yes or No: Leela afferma che gli insegnanti salgono la scala
A: Yes

Q: Is this sentence grammatical? Yes or No: Harry osserva che il cane porta la bottiglia
A: Yes

Q: Is this sentence grammatical? Yes or No: John osserva che i gatti tengono il giornale
A: ",John osserva che i gatti tengono il giornale,Yes,Yes,,0
98,ita-r-2-subordinate,"We will give you examples of Italian sentences that follow or violate the rules of a shared grammar, along with labels 'Yes' or 'No'. You will then generate a label, 'Yes' or 'No', for a new unlabeled sentence that may follow or violate the same grammar rules.

Q: Is this sentence grammatical? Yes or No: Leela vede che gli insegnanti portano il giornale
A: Yes

Q: Is this sentence grammatical? Yes or No: Gomu dice che il cane tiene il giocattolo
A: Yes

Q: Is this sentence grammatical? Yes or No: Gomu osserva che il cane porta bottiglia la
A: No

Q: Is this sentence grammatical? Yes or No: Sheela dice che i cani tengono il pesce
A: Yes

Q: Is this sentence grammatical? Yes or No: Leela afferma che i cani mangiano pesce il
A: No

Q: Is this sentence grammatical? Yes or No: Tom dice che un' uomo tiene bottiglia una
A: No

Q: Is this sentence grammatical? Yes or No: Maria osserva che un' uomo porta cappello un
A: No

Q: Is this sentence grammatical? Yes or No: Sheela sa che i ragazzi portano giocattolo il
A: No

Q: Is this sentence grammatical? Yes or No: Leela afferma che gli insegnanti salgono la scala
A: Yes

Q: Is this sentence grammatical? Yes or No: Harry osserva che il cane porta bottiglia la
A: No

Q: Is this sentence grammatical? Yes or No: Tom dice che la donna porta il topo
A: ",Tom dice che la donna porta il topo,No,Yes,,0
99,ita-r-2-subordinate,"We will give you examples of Italian sentences that follow or violate the rules of a shared grammar, along with labels 'Yes' or 'No'. You will then generate a label, 'Yes' or 'No', for a new unlabeled sentence that may follow or violate the same grammar rules.

Q: Is this sentence grammatical? Yes or No: Leela vede che gli insegnanti portano giornale il
A: No

Q: Is this sentence grammatical? Yes or No: Gomu dice che il cane tiene giocattolo il
A: No

Q: Is this sentence grammatical? Yes or No: Gomu osserva che il cane porta la bottiglia
A: Yes

Q: Is this sentence grammatical? Yes or No: Sheela dice che i cani tengono pesce il
A: No

Q: Is this sentence grammatical? Yes or No: Leela afferma che i cani mangiano il pesce
A: Yes

Q: Is this sentence grammatical? Yes or No: Tom dice che un' uomo tiene una bottiglia
A: Yes

Q: Is this sentence grammatical? Yes or No: Maria osserva che un' uomo porta un cappello
A: Yes

Q: Is this sentence grammatical? Yes or No: Sheela sa che i ragazzi portano giocattolo il
A: No

Q: Is this sentence grammatical? Yes or No: Leela afferma che gli insegnanti salgono la scala
A: Yes

Q: Is this sentence grammatical? Yes or No: Harry osserva che il cane porta la bottiglia
A: Yes

Q: Is this sentence grammatical? Yes or No: Gomu osserva che gli uomini salgono la roccia
A: ",Gomu osserva che gli uomini salgono la roccia,Yes,Yes,,0
100,ita-r-2-subordinate,"We will give you examples of Italian sentences that follow or violate the rules of a shared grammar, along with labels 'Yes' or 'No'. You will then generate a label, 'Yes' or 'No', for a new unlabeled sentence that may follow or violate the same grammar rules.

Q: Is this sentence grammatical? Yes or No: Leela vede che gli insegnanti portano giornale il
A: No

Q: Is this sentence grammatical? Yes or No: Gomu dice che il cane tiene giocattolo il
A: No

Q: Is this sentence grammatical? Yes or No: Gomu osserva che il cane porta bottiglia la
A: No

Q: Is this sentence grammatical? Yes or No: Sheela dice che i cani tengono il pesce
A: Yes

Q: Is this sentence grammatical? Yes or No: Leela afferma che i cani mangiano pesce il
A: No

Q: Is this sentence grammatical? Yes or No: Tom dice che un' uomo tiene bottiglia una
A: No

Q: Is this sentence grammatical? Yes or No: Maria osserva che un' uomo porta un cappello
A: Yes

Q: Is this sentence grammatical? Yes or No: Sheela sa che i ragazzi portano il giocattolo
A: Yes

Q: Is this sentence grammatical? Yes or No: Leela afferma che gli insegnanti salgono scala la
A: No

Q: Is this sentence grammatical? Yes or No: Harry osserva che il cane porta la bottiglia
A: Yes

Q: Is this sentence grammatical? Yes or No: Sheela vede che i cani tengono la scatola
A: ",Sheela vede che i cani tengono la scatola,No,Yes,,0
101,ita-r-2-subordinate,"We will give you examples of Italian sentences that follow or violate the rules of a shared grammar, along with labels 'Yes' or 'No'. You will then generate a label, 'Yes' or 'No', for a new unlabeled sentence that may follow or violate the same grammar rules.

Q: Is this sentence grammatical? Yes or No: Leela vede che gli insegnanti portano il giornale
A: Yes

Q: Is this sentence grammatical? Yes or No: Gomu dice che il cane tiene giocattolo il
A: No

Q: Is this sentence grammatical? Yes or No: Gomu osserva che il cane porta la bottiglia
A: Yes

Q: Is this sentence grammatical? Yes or No: Sheela dice che i cani tengono pesce il
A: No

Q: Is this sentence grammatical? Yes or No: Leela afferma che i cani mangiano pesce il
A: No

Q: Is this sentence grammatical? Yes or No: Tom dice che un' uomo tiene una bottiglia
A: Yes

Q: Is this sentence grammatical? Yes or No: Maria osserva che un' uomo porta un cappello
A: Yes

Q: Is this sentence grammatical? Yes or No: Sheela sa che i ragazzi portano il giocattolo
A: Yes

Q: Is this sentence grammatical? Yes or No: Leela afferma che gli insegnanti salgono la scala
A: Yes

Q: Is this sentence grammatical? Yes or No: Harry osserva che il cane porta bottiglia la
A: No

Q: Is this sentence grammatical? Yes or No: Tom osserva che un' uomo tiene scatola una
A: ",Tom osserva che un' uomo tiene scatola una,No,No,,0
102,ita-r-2-subordinate,"We will give you examples of Italian sentences that follow or violate the rules of a shared grammar, along with labels 'Yes' or 'No'. You will then generate a label, 'Yes' or 'No', for a new unlabeled sentence that may follow or violate the same grammar rules.

Q: Is this sentence grammatical? Yes or No: Leela vede che gli insegnanti portano giornale il
A: No

Q: Is this sentence grammatical? Yes or No: Gomu dice che il cane tiene il giocattolo
A: Yes

Q: Is this sentence grammatical? Yes or No: Gomu osserva che il cane porta bottiglia la
A: No

Q: Is this sentence grammatical? Yes or No: Sheela dice che i cani tengono pesce il
A: No

Q: Is this sentence grammatical? Yes or No: Leela afferma che i cani mangiano pesce il
A: No

Q: Is this sentence grammatical? Yes or No: Tom dice che un' uomo tiene bottiglia una
A: No

Q: Is this sentence grammatical? Yes or No: Maria osserva che un' uomo porta cappello un
A: No

Q: Is this sentence grammatical? Yes or No: Sheela sa che i ragazzi portano il giocattolo
A: Yes

Q: Is this sentence grammatical? Yes or No: Leela afferma che gli insegnanti salgono la scala
A: Yes

Q: Is this sentence grammatical? Yes or No: Harry osserva che il cane porta la bottiglia
A: Yes

Q: Is this sentence grammatical? Yes or No: John sa che la ragazza tiene gesso un
A: ",John sa che la ragazza tiene gesso un,No,No,,0
103,ita-r-2-subordinate,"We will give you examples of Italian sentences that follow or violate the rules of a shared grammar, along with labels 'Yes' or 'No'. You will then generate a label, 'Yes' or 'No', for a new unlabeled sentence that may follow or violate the same grammar rules.

Q: Is this sentence grammatical? Yes or No: Leela vede che gli insegnanti portano giornale il
A: No

Q: Is this sentence grammatical? Yes or No: Gomu dice che il cane tiene il giocattolo
A: Yes

Q: Is this sentence grammatical? Yes or No: Gomu osserva che il cane porta la bottiglia
A: Yes

Q: Is this sentence grammatical? Yes or No: Sheela dice che i cani tengono il pesce
A: Yes

Q: Is this sentence grammatical? Yes or No: Leela afferma che i cani mangiano pesce il
A: No

Q: Is this sentence grammatical? Yes or No: Tom dice che un' uomo tiene bottiglia una
A: No

Q: Is this sentence grammatical? Yes or No: Maria osserva che un' uomo porta cappello un
A: No

Q: Is this sentence grammatical? Yes or No: Sheela sa che i ragazzi portano giocattolo il
A: No

Q: Is this sentence grammatical? Yes or No: Leela afferma che gli insegnanti salgono scala la
A: No

Q: Is this sentence grammatical? Yes or No: Harry osserva che il cane porta bottiglia la
A: No

Q: Is this sentence grammatical? Yes or No: Leela sa che un gatto porta la lampadina
A: ",Leela sa che un gatto porta la lampadina,Yes,Yes,,0
104,ita-r-2-subordinate,"We will give you examples of Italian sentences that follow or violate the rules of a shared grammar, along with labels 'Yes' or 'No'. You will then generate a label, 'Yes' or 'No', for a new unlabeled sentence that may follow or violate the same grammar rules.

Q: Is this sentence grammatical? Yes or No: Leela vede che gli insegnanti portano il giornale
A: Yes

Q: Is this sentence grammatical? Yes or No: Gomu dice che il cane tiene il giocattolo
A: Yes

Q: Is this sentence grammatical? Yes or No: Gomu osserva che il cane porta la bottiglia
A: Yes

Q: Is this sentence grammatical? Yes or No: Sheela dice che i cani tengono il pesce
A: Yes

Q: Is this sentence grammatical? Yes or No: Leela afferma che i cani mangiano il pesce
A: Yes

Q: Is this sentence grammatical? Yes or No: Tom dice che un' uomo tiene una bottiglia
A: Yes

Q: Is this sentence grammatical? Yes or No: Maria osserva che un' uomo porta cappello un
A: No

Q: Is this sentence grammatical? Yes or No: Sheela sa che i ragazzi portano giocattolo il
A: No

Q: Is this sentence grammatical? Yes or No: Leela afferma che gli insegnanti salgono la scala
A: Yes

Q: Is this sentence grammatical? Yes or No: Harry osserva che il cane porta la bottiglia
A: Yes

Q: Is this sentence grammatical? Yes or No: Tom dice che i cani tengono il cappello
A: ",Tom dice che i cani tengono il cappello,No,Yes,,0
105,ita-r-2-subordinate,"We will give you examples of Italian sentences that follow or violate the rules of a shared grammar, along with labels 'Yes' or 'No'. You will then generate a label, 'Yes' or 'No', for a new unlabeled sentence that may follow or violate the same grammar rules.

Q: Is this sentence grammatical? Yes or No: Leela vede che gli insegnanti portano il giornale
A: Yes

Q: Is this sentence grammatical? Yes or No: Gomu dice che il cane tiene il giocattolo
A: Yes

Q: Is this sentence grammatical? Yes or No: Gomu osserva che il cane porta la bottiglia
A: Yes

Q: Is this sentence grammatical? Yes or No: Sheela dice che i cani tengono pesce il
A: No

Q: Is this sentence grammatical? Yes or No: Leela afferma che i cani mangiano pesce il
A: No

Q: Is this sentence grammatical? Yes or No: Tom dice che un' uomo tiene una bottiglia
A: Yes

Q: Is this sentence grammatical? Yes or No: Maria osserva che un' uomo porta cappello un
A: No

Q: Is this sentence grammatical? Yes or No: Sheela sa che i ragazzi portano giocattolo il
A: No

Q: Is this sentence grammatical? Yes or No: Leela afferma che gli insegnanti salgono scala la
A: No

Q: Is this sentence grammatical? Yes or No: Harry osserva che il cane porta la bottiglia
A: Yes

Q: Is this sentence grammatical? Yes or No: Harry vede che un gatto tiene giocattolo il
A: ",Harry vede che un gatto tiene giocattolo il,No,No,,0
106,ita-r-2-subordinate,"We will give you examples of Italian sentences that follow or violate the rules of a shared grammar, along with labels 'Yes' or 'No'. You will then generate a label, 'Yes' or 'No', for a new unlabeled sentence that may follow or violate the same grammar rules.

Q: Is this sentence grammatical? Yes or No: Leela vede che gli insegnanti portano giornale il
A: No

Q: Is this sentence grammatical? Yes or No: Gomu dice che il cane tiene il giocattolo
A: Yes

Q: Is this sentence grammatical? Yes or No: Gomu osserva che il cane porta la bottiglia
A: Yes

Q: Is this sentence grammatical? Yes or No: Sheela dice che i cani tengono il pesce
A: Yes

Q: Is this sentence grammatical? Yes or No: Leela afferma che i cani mangiano pesce il
A: No

Q: Is this sentence grammatical? Yes or No: Tom dice che un' uomo tiene bottiglia una
A: No

Q: Is this sentence grammatical? Yes or No: Maria osserva che un' uomo porta un cappello
A: Yes

Q: Is this sentence grammatical? Yes or No: Sheela sa che i ragazzi portano il giocattolo
A: Yes

Q: Is this sentence grammatical? Yes or No: Leela afferma che gli insegnanti salgono scala la
A: No

Q: Is this sentence grammatical? Yes or No: Harry osserva che il cane porta bottiglia la
A: No

Q: Is this sentence grammatical? Yes or No: Harry vede che un gatto mangia biscotto un
A: ",Harry vede che un gatto mangia biscotto un,Yes,No,,0
107,ita-r-2-subordinate,"We will give you examples of Italian sentences that follow or violate the rules of a shared grammar, along with labels 'Yes' or 'No'. You will then generate a label, 'Yes' or 'No', for a new unlabeled sentence that may follow or violate the same grammar rules.

Q: Is this sentence grammatical? Yes or No: Leela vede che gli insegnanti portano giornale il
A: No

Q: Is this sentence grammatical? Yes or No: Gomu dice che il cane tiene il giocattolo
A: Yes

Q: Is this sentence grammatical? Yes or No: Gomu osserva che il cane porta bottiglia la
A: No

Q: Is this sentence grammatical? Yes or No: Sheela dice che i cani tengono il pesce
A: Yes

Q: Is this sentence grammatical? Yes or No: Leela afferma che i cani mangiano pesce il
A: No

Q: Is this sentence grammatical? Yes or No: Tom dice che un' uomo tiene una bottiglia
A: Yes

Q: Is this sentence grammatical? Yes or No: Maria osserva che un' uomo porta cappello un
A: No

Q: Is this sentence grammatical? Yes or No: Sheela sa che i ragazzi portano il giocattolo
A: Yes

Q: Is this sentence grammatical? Yes or No: Leela afferma che gli insegnanti salgono scala la
A: No

Q: Is this sentence grammatical? Yes or No: Harry osserva che il cane porta la bottiglia
A: Yes

Q: Is this sentence grammatical? Yes or No: Tom afferma che i ragazzi portano la lampadina
A: ",Tom afferma che i ragazzi portano la lampadina,No,Yes,,0
108,ita-r-2-subordinate,"We will give you examples of Italian sentences that follow or violate the rules of a shared grammar, along with labels 'Yes' or 'No'. You will then generate a label, 'Yes' or 'No', for a new unlabeled sentence that may follow or violate the same grammar rules.

Q: Is this sentence grammatical? Yes or No: Leela vede che gli insegnanti portano il giornale
A: Yes

Q: Is this sentence grammatical? Yes or No: Gomu dice che il cane tiene il giocattolo
A: Yes

Q: Is this sentence grammatical? Yes or No: Gomu osserva che il cane porta la bottiglia
A: Yes

Q: Is this sentence grammatical? Yes or No: Sheela dice che i cani tengono pesce il
A: No

Q: Is this sentence grammatical? Yes or No: Leela afferma che i cani mangiano il pesce
A: Yes

Q: Is this sentence grammatical? Yes or No: Tom dice che un' uomo tiene bottiglia una
A: No

Q: Is this sentence grammatical? Yes or No: Maria osserva che un' uomo porta un cappello
A: Yes

Q: Is this sentence grammatical? Yes or No: Sheela sa che i ragazzi portano giocattolo il
A: No

Q: Is this sentence grammatical? Yes or No: Leela afferma che gli insegnanti salgono la scala
A: Yes

Q: Is this sentence grammatical? Yes or No: Harry osserva che il cane porta la bottiglia
A: Yes

Q: Is this sentence grammatical? Yes or No: John afferma che gli insegnanti mangiano la frutta
A: ",John afferma che gli insegnanti mangiano la frutta,No,Yes,,0
109,ita-r-2-subordinate,"We will give you examples of Italian sentences that follow or violate the rules of a shared grammar, along with labels 'Yes' or 'No'. You will then generate a label, 'Yes' or 'No', for a new unlabeled sentence that may follow or violate the same grammar rules.

Q: Is this sentence grammatical? Yes or No: Leela vede che gli insegnanti portano il giornale
A: Yes

Q: Is this sentence grammatical? Yes or No: Gomu dice che il cane tiene giocattolo il
A: No

Q: Is this sentence grammatical? Yes or No: Gomu osserva che il cane porta bottiglia la
A: No

Q: Is this sentence grammatical? Yes or No: Sheela dice che i cani tengono il pesce
A: Yes

Q: Is this sentence grammatical? Yes or No: Leela afferma che i cani mangiano il pesce
A: Yes

Q: Is this sentence grammatical? Yes or No: Tom dice che un' uomo tiene bottiglia una
A: No

Q: Is this sentence grammatical? Yes or No: Maria osserva che un' uomo porta un cappello
A: Yes

Q: Is this sentence grammatical? Yes or No: Sheela sa che i ragazzi portano il giocattolo
A: Yes

Q: Is this sentence grammatical? Yes or No: Leela afferma che gli insegnanti salgono la scala
A: Yes

Q: Is this sentence grammatical? Yes or No: Harry osserva che il cane porta bottiglia la
A: No

Q: Is this sentence grammatical? Yes or No: Maria vede che una donna prende cappello un
A: ",Maria vede che una donna prende cappello un,No,No,,0
110,ita-r-2-subordinate,"We will give you examples of Italian sentences that follow or violate the rules of a shared grammar, along with labels 'Yes' or 'No'. You will then generate a label, 'Yes' or 'No', for a new unlabeled sentence that may follow or violate the same grammar rules.

Q: Is this sentence grammatical? Yes or No: Leela vede che gli insegnanti portano giornale il
A: No

Q: Is this sentence grammatical? Yes or No: Gomu dice che il cane tiene giocattolo il
A: No

Q: Is this sentence grammatical? Yes or No: Gomu osserva che il cane porta bottiglia la
A: No

Q: Is this sentence grammatical? Yes or No: Sheela dice che i cani tengono pesce il
A: No

Q: Is this sentence grammatical? Yes or No: Leela afferma che i cani mangiano il pesce
A: Yes

Q: Is this sentence grammatical? Yes or No: Tom dice che un' uomo tiene una bottiglia
A: Yes

Q: Is this sentence grammatical? Yes or No: Maria osserva che un' uomo porta cappello un
A: No

Q: Is this sentence grammatical? Yes or No: Sheela sa che i ragazzi portano giocattolo il
A: No

Q: Is this sentence grammatical? Yes or No: Leela afferma che gli insegnanti salgono scala la
A: No

Q: Is this sentence grammatical? Yes or No: Harry osserva che il cane porta bottiglia la
A: No

Q: Is this sentence grammatical? Yes or No: Harry dice che i gatti tengono la scatola
A: ",Harry dice che i gatti tengono la scatola,No,Yes,,0
111,ita-r-2-subordinate,"We will give you examples of Italian sentences that follow or violate the rules of a shared grammar, along with labels 'Yes' or 'No'. You will then generate a label, 'Yes' or 'No', for a new unlabeled sentence that may follow or violate the same grammar rules.

Q: Is this sentence grammatical? Yes or No: Leela vede che gli insegnanti portano giornale il
A: No

Q: Is this sentence grammatical? Yes or No: Gomu dice che il cane tiene giocattolo il
A: No

Q: Is this sentence grammatical? Yes or No: Gomu osserva che il cane porta bottiglia la
A: No

Q: Is this sentence grammatical? Yes or No: Sheela dice che i cani tengono pesce il
A: No

Q: Is this sentence grammatical? Yes or No: Leela afferma che i cani mangiano pesce il
A: No

Q: Is this sentence grammatical? Yes or No: Tom dice che un' uomo tiene una bottiglia
A: Yes

Q: Is this sentence grammatical? Yes or No: Maria osserva che un' uomo porta un cappello
A: Yes

Q: Is this sentence grammatical? Yes or No: Sheela sa che i ragazzi portano il giocattolo
A: Yes

Q: Is this sentence grammatical? Yes or No: Leela afferma che gli insegnanti salgono la scala
A: Yes

Q: Is this sentence grammatical? Yes or No: Harry osserva che il cane porta la bottiglia
A: Yes

Q: Is this sentence grammatical? Yes or No: Tom sa che il ragazzo prende un giocattolo
A: ",Tom sa che il ragazzo prende un giocattolo,Yes,Yes,,0
112,ita-r-2-subordinate,"We will give you examples of Italian sentences that follow or violate the rules of a shared grammar, along with labels 'Yes' or 'No'. You will then generate a label, 'Yes' or 'No', for a new unlabeled sentence that may follow or violate the same grammar rules.

Q: Is this sentence grammatical? Yes or No: Leela vede che gli insegnanti portano il giornale
A: Yes

Q: Is this sentence grammatical? Yes or No: Gomu dice che il cane tiene giocattolo il
A: No

Q: Is this sentence grammatical? Yes or No: Gomu osserva che il cane porta la bottiglia
A: Yes

Q: Is this sentence grammatical? Yes or No: Sheela dice che i cani tengono il pesce
A: Yes

Q: Is this sentence grammatical? Yes or No: Leela afferma che i cani mangiano il pesce
A: Yes

Q: Is this sentence grammatical? Yes or No: Tom dice che un' uomo tiene una bottiglia
A: Yes

Q: Is this sentence grammatical? Yes or No: Maria osserva che un' uomo porta cappello un
A: No

Q: Is this sentence grammatical? Yes or No: Sheela sa che i ragazzi portano il giocattolo
A: Yes

Q: Is this sentence grammatical? Yes or No: Leela afferma che gli insegnanti salgono scala la
A: No

Q: Is this sentence grammatical? Yes or No: Harry osserva che il cane porta la bottiglia
A: Yes

Q: Is this sentence grammatical? Yes or No: Maria dice che gli insegnanti mangiano pizza la
A: ",Maria dice che gli insegnanti mangiano pizza la,No,No,,0
113,ita-r-2-subordinate,"We will give you examples of Italian sentences that follow or violate the rules of a shared grammar, along with labels 'Yes' or 'No'. You will then generate a label, 'Yes' or 'No', for a new unlabeled sentence that may follow or violate the same grammar rules.

Q: Is this sentence grammatical? Yes or No: Leela vede che gli insegnanti portano il giornale
A: Yes

Q: Is this sentence grammatical? Yes or No: Gomu dice che il cane tiene giocattolo il
A: No

Q: Is this sentence grammatical? Yes or No: Gomu osserva che il cane porta bottiglia la
A: No

Q: Is this sentence grammatical? Yes or No: Sheela dice che i cani tengono il pesce
A: Yes

Q: Is this sentence grammatical? Yes or No: Leela afferma che i cani mangiano il pesce
A: Yes

Q: Is this sentence grammatical? Yes or No: Tom dice che un' uomo tiene bottiglia una
A: No

Q: Is this sentence grammatical? Yes or No: Maria osserva che un' uomo porta cappello un
A: No

Q: Is this sentence grammatical? Yes or No: Sheela sa che i ragazzi portano il giocattolo
A: Yes

Q: Is this sentence grammatical? Yes or No: Leela afferma che gli insegnanti salgono la scala
A: Yes

Q: Is this sentence grammatical? Yes or No: Harry osserva che il cane porta bottiglia la
A: No

Q: Is this sentence grammatical? Yes or No: Leela dice che il cane porta il pesce
A: ",Leela dice che il cane porta il pesce,Yes,Yes,,0
114,ita-r-2-subordinate,"We will give you examples of Italian sentences that follow or violate the rules of a shared grammar, along with labels 'Yes' or 'No'. You will then generate a label, 'Yes' or 'No', for a new unlabeled sentence that may follow or violate the same grammar rules.

Q: Is this sentence grammatical? Yes or No: Leela vede che gli insegnanti portano giornale il
A: No

Q: Is this sentence grammatical? Yes or No: Gomu dice che il cane tiene il giocattolo
A: Yes

Q: Is this sentence grammatical? Yes or No: Gomu osserva che il cane porta la bottiglia
A: Yes

Q: Is this sentence grammatical? Yes or No: Sheela dice che i cani tengono pesce il
A: No

Q: Is this sentence grammatical? Yes or No: Leela afferma che i cani mangiano pesce il
A: No

Q: Is this sentence grammatical? Yes or No: Tom dice che un' uomo tiene una bottiglia
A: Yes

Q: Is this sentence grammatical? Yes or No: Maria osserva che un' uomo porta cappello un
A: No

Q: Is this sentence grammatical? Yes or No: Sheela sa che i ragazzi portano il giocattolo
A: Yes

Q: Is this sentence grammatical? Yes or No: Leela afferma che gli insegnanti salgono scala la
A: No

Q: Is this sentence grammatical? Yes or No: Harry osserva che il cane porta bottiglia la
A: No

Q: Is this sentence grammatical? Yes or No: Maria dice che un' uomo porta la tazza
A: ",Maria dice che un' uomo porta la tazza,Yes,Yes,,0
115,ita-r-2-subordinate,"We will give you examples of Italian sentences that follow or violate the rules of a shared grammar, along with labels 'Yes' or 'No'. You will then generate a label, 'Yes' or 'No', for a new unlabeled sentence that may follow or violate the same grammar rules.

Q: Is this sentence grammatical? Yes or No: Leela vede che gli insegnanti portano giornale il
A: No

Q: Is this sentence grammatical? Yes or No: Gomu dice che il cane tiene il giocattolo
A: Yes

Q: Is this sentence grammatical? Yes or No: Gomu osserva che il cane porta la bottiglia
A: Yes

Q: Is this sentence grammatical? Yes or No: Sheela dice che i cani tengono pesce il
A: No

Q: Is this sentence grammatical? Yes or No: Leela afferma che i cani mangiano il pesce
A: Yes

Q: Is this sentence grammatical? Yes or No: Tom dice che un' uomo tiene una bottiglia
A: Yes

Q: Is this sentence grammatical? Yes or No: Maria osserva che un' uomo porta un cappello
A: Yes

Q: Is this sentence grammatical? Yes or No: Sheela sa che i ragazzi portano il giocattolo
A: Yes

Q: Is this sentence grammatical? Yes or No: Leela afferma che gli insegnanti salgono la scala
A: Yes

Q: Is this sentence grammatical? Yes or No: Harry osserva che il cane porta la bottiglia
A: Yes

Q: Is this sentence grammatical? Yes or No: Tom afferma che un' uomo mangia cetriolo il
A: ",Tom afferma che un' uomo mangia cetriolo il,No,No,,0
116,ita-r-2-subordinate,"We will give you examples of Italian sentences that follow or violate the rules of a shared grammar, along with labels 'Yes' or 'No'. You will then generate a label, 'Yes' or 'No', for a new unlabeled sentence that may follow or violate the same grammar rules.

Q: Is this sentence grammatical? Yes or No: Leela vede che gli insegnanti portano il giornale
A: Yes

Q: Is this sentence grammatical? Yes or No: Gomu dice che il cane tiene giocattolo il
A: No

Q: Is this sentence grammatical? Yes or No: Gomu osserva che il cane porta la bottiglia
A: Yes

Q: Is this sentence grammatical? Yes or No: Sheela dice che i cani tengono pesce il
A: No

Q: Is this sentence grammatical? Yes or No: Leela afferma che i cani mangiano il pesce
A: Yes

Q: Is this sentence grammatical? Yes or No: Tom dice che un' uomo tiene una bottiglia
A: Yes

Q: Is this sentence grammatical? Yes or No: Maria osserva che un' uomo porta un cappello
A: Yes

Q: Is this sentence grammatical? Yes or No: Sheela sa che i ragazzi portano giocattolo il
A: No

Q: Is this sentence grammatical? Yes or No: Leela afferma che gli insegnanti salgono la scala
A: Yes

Q: Is this sentence grammatical? Yes or No: Harry osserva che il cane porta bottiglia la
A: No

Q: Is this sentence grammatical? Yes or No: Sheela vede che gli insegnanti tengono bottiglia la
A: ",Sheela vede che gli insegnanti tengono bottiglia la,No,No,,0
117,ita-r-2-subordinate,"We will give you examples of Italian sentences that follow or violate the rules of a shared grammar, along with labels 'Yes' or 'No'. You will then generate a label, 'Yes' or 'No', for a new unlabeled sentence that may follow or violate the same grammar rules.

Q: Is this sentence grammatical? Yes or No: Leela vede che gli insegnanti portano il giornale
A: Yes

Q: Is this sentence grammatical? Yes or No: Gomu dice che il cane tiene il giocattolo
A: Yes

Q: Is this sentence grammatical? Yes or No: Gomu osserva che il cane porta la bottiglia
A: Yes

Q: Is this sentence grammatical? Yes or No: Sheela dice che i cani tengono pesce il
A: No

Q: Is this sentence grammatical? Yes or No: Leela afferma che i cani mangiano pesce il
A: No

Q: Is this sentence grammatical? Yes or No: Tom dice che un' uomo tiene una bottiglia
A: Yes

Q: Is this sentence grammatical? Yes or No: Maria osserva che un' uomo porta un cappello
A: Yes

Q: Is this sentence grammatical? Yes or No: Sheela sa che i ragazzi portano il giocattolo
A: Yes

Q: Is this sentence grammatical? Yes or No: Leela afferma che gli insegnanti salgono scala la
A: No

Q: Is this sentence grammatical? Yes or No: Harry osserva che il cane porta bottiglia la
A: No

Q: Is this sentence grammatical? Yes or No: Maria osserva che un' uomo porta giornale un
A: ",Maria osserva che un' uomo porta giornale un,No,No,,0
118,ita-r-2-subordinate,"We will give you examples of Italian sentences that follow or violate the rules of a shared grammar, along with labels 'Yes' or 'No'. You will then generate a label, 'Yes' or 'No', for a new unlabeled sentence that may follow or violate the same grammar rules.

Q: Is this sentence grammatical? Yes or No: Leela vede che gli insegnanti portano il giornale
A: Yes

Q: Is this sentence grammatical? Yes or No: Gomu dice che il cane tiene giocattolo il
A: No

Q: Is this sentence grammatical? Yes or No: Gomu osserva che il cane porta la bottiglia
A: Yes

Q: Is this sentence grammatical? Yes or No: Sheela dice che i cani tengono il pesce
A: Yes

Q: Is this sentence grammatical? Yes or No: Leela afferma che i cani mangiano pesce il
A: No

Q: Is this sentence grammatical? Yes or No: Tom dice che un' uomo tiene bottiglia una
A: No

Q: Is this sentence grammatical? Yes or No: Maria osserva che un' uomo porta un cappello
A: Yes

Q: Is this sentence grammatical? Yes or No: Sheela sa che i ragazzi portano il giocattolo
A: Yes

Q: Is this sentence grammatical? Yes or No: Leela afferma che gli insegnanti salgono scala la
A: No

Q: Is this sentence grammatical? Yes or No: Harry osserva che il cane porta bottiglia la
A: No

Q: Is this sentence grammatical? Yes or No: Maria afferma che i gatti prendono la scatola
A: ",Maria afferma che i gatti prendono la scatola,Yes,Yes,,0
119,ita-r-2-subordinate,"We will give you examples of Italian sentences that follow or violate the rules of a shared grammar, along with labels 'Yes' or 'No'. You will then generate a label, 'Yes' or 'No', for a new unlabeled sentence that may follow or violate the same grammar rules.

Q: Is this sentence grammatical? Yes or No: Leela vede che gli insegnanti portano giornale il
A: No

Q: Is this sentence grammatical? Yes or No: Gomu dice che il cane tiene giocattolo il
A: No

Q: Is this sentence grammatical? Yes or No: Gomu osserva che il cane porta la bottiglia
A: Yes

Q: Is this sentence grammatical? Yes or No: Sheela dice che i cani tengono pesce il
A: No

Q: Is this sentence grammatical? Yes or No: Leela afferma che i cani mangiano pesce il
A: No

Q: Is this sentence grammatical? Yes or No: Tom dice che un' uomo tiene una bottiglia
A: Yes

Q: Is this sentence grammatical? Yes or No: Maria osserva che un' uomo porta cappello un
A: No

Q: Is this sentence grammatical? Yes or No: Sheela sa che i ragazzi portano il giocattolo
A: Yes

Q: Is this sentence grammatical? Yes or No: Leela afferma che gli insegnanti salgono scala la
A: No

Q: Is this sentence grammatical? Yes or No: Harry osserva che il cane porta bottiglia la
A: No

Q: Is this sentence grammatical? Yes or No: Tom vede che gli uomini salgono albero l'
A: ",Tom vede che gli uomini salgono albero l',No,No,,0
120,ita-r-2-subordinate,"We will give you examples of Italian sentences that follow or violate the rules of a shared grammar, along with labels 'Yes' or 'No'. You will then generate a label, 'Yes' or 'No', for a new unlabeled sentence that may follow or violate the same grammar rules.

Q: Is this sentence grammatical? Yes or No: Leela vede che gli insegnanti portano giornale il
A: No

Q: Is this sentence grammatical? Yes or No: Gomu dice che il cane tiene il giocattolo
A: Yes

Q: Is this sentence grammatical? Yes or No: Gomu osserva che il cane porta bottiglia la
A: No

Q: Is this sentence grammatical? Yes or No: Sheela dice che i cani tengono il pesce
A: Yes

Q: Is this sentence grammatical? Yes or No: Leela afferma che i cani mangiano il pesce
A: Yes

Q: Is this sentence grammatical? Yes or No: Tom dice che un' uomo tiene bottiglia una
A: No

Q: Is this sentence grammatical? Yes or No: Maria osserva che un' uomo porta un cappello
A: Yes

Q: Is this sentence grammatical? Yes or No: Sheela sa che i ragazzi portano il giocattolo
A: Yes

Q: Is this sentence grammatical? Yes or No: Leela afferma che gli insegnanti salgono la scala
A: Yes

Q: Is this sentence grammatical? Yes or No: Harry osserva che il cane porta bottiglia la
A: No

Q: Is this sentence grammatical? Yes or No: John afferma che un' insegnante scala roccia la
A: ",John afferma che un' insegnante scala roccia la,No,No,,0
121,ita-r-2-subordinate,"We will give you examples of Italian sentences that follow or violate the rules of a shared grammar, along with labels 'Yes' or 'No'. You will then generate a label, 'Yes' or 'No', for a new unlabeled sentence that may follow or violate the same grammar rules.

Q: Is this sentence grammatical? Yes or No: Leela vede che gli insegnanti portano il giornale
A: Yes

Q: Is this sentence grammatical? Yes or No: Gomu dice che il cane tiene il giocattolo
A: Yes

Q: Is this sentence grammatical? Yes or No: Gomu osserva che il cane porta bottiglia la
A: No

Q: Is this sentence grammatical? Yes or No: Sheela dice che i cani tengono il pesce
A: Yes

Q: Is this sentence grammatical? Yes or No: Leela afferma che i cani mangiano il pesce
A: Yes

Q: Is this sentence grammatical? Yes or No: Tom dice che un' uomo tiene una bottiglia
A: Yes

Q: Is this sentence grammatical? Yes or No: Maria osserva che un' uomo porta un cappello
A: Yes

Q: Is this sentence grammatical? Yes or No: Sheela sa che i ragazzi portano il giocattolo
A: Yes

Q: Is this sentence grammatical? Yes or No: Leela afferma che gli insegnanti salgono la scala
A: Yes

Q: Is this sentence grammatical? Yes or No: Harry osserva che il cane porta bottiglia la
A: No

Q: Is this sentence grammatical? Yes or No: John sa che le ragazze leggono libro il
A: ",John sa che le ragazze leggono libro il,No,No,,0
122,ita-r-2-subordinate,"We will give you examples of Italian sentences that follow or violate the rules of a shared grammar, along with labels 'Yes' or 'No'. You will then generate a label, 'Yes' or 'No', for a new unlabeled sentence that may follow or violate the same grammar rules.

Q: Is this sentence grammatical? Yes or No: Leela vede che gli insegnanti portano giornale il
A: No

Q: Is this sentence grammatical? Yes or No: Gomu dice che il cane tiene il giocattolo
A: Yes

Q: Is this sentence grammatical? Yes or No: Gomu osserva che il cane porta bottiglia la
A: No

Q: Is this sentence grammatical? Yes or No: Sheela dice che i cani tengono il pesce
A: Yes

Q: Is this sentence grammatical? Yes or No: Leela afferma che i cani mangiano il pesce
A: Yes

Q: Is this sentence grammatical? Yes or No: Tom dice che un' uomo tiene bottiglia una
A: No

Q: Is this sentence grammatical? Yes or No: Maria osserva che un' uomo porta cappello un
A: No

Q: Is this sentence grammatical? Yes or No: Sheela sa che i ragazzi portano il giocattolo
A: Yes

Q: Is this sentence grammatical? Yes or No: Leela afferma che gli insegnanti salgono scala la
A: No

Q: Is this sentence grammatical? Yes or No: Harry osserva che il cane porta bottiglia la
A: No

Q: Is this sentence grammatical? Yes or No: Maria afferma che le ragazze prendono pesce il
A: ",Maria afferma che le ragazze prendono pesce il,No,No,,0
123,ita-r-2-subordinate,"We will give you examples of Italian sentences that follow or violate the rules of a shared grammar, along with labels 'Yes' or 'No'. You will then generate a label, 'Yes' or 'No', for a new unlabeled sentence that may follow or violate the same grammar rules.

Q: Is this sentence grammatical? Yes or No: Leela vede che gli insegnanti portano il giornale
A: Yes

Q: Is this sentence grammatical? Yes or No: Gomu dice che il cane tiene giocattolo il
A: No

Q: Is this sentence grammatical? Yes or No: Gomu osserva che il cane porta la bottiglia
A: Yes

Q: Is this sentence grammatical? Yes or No: Sheela dice che i cani tengono pesce il
A: No

Q: Is this sentence grammatical? Yes or No: Leela afferma che i cani mangiano pesce il
A: No

Q: Is this sentence grammatical? Yes or No: Tom dice che un' uomo tiene una bottiglia
A: Yes

Q: Is this sentence grammatical? Yes or No: Maria osserva che un' uomo porta un cappello
A: Yes

Q: Is this sentence grammatical? Yes or No: Sheela sa che i ragazzi portano giocattolo il
A: No

Q: Is this sentence grammatical? Yes or No: Leela afferma che gli insegnanti salgono la scala
A: Yes

Q: Is this sentence grammatical? Yes or No: Harry osserva che il cane porta bottiglia la
A: No

Q: Is this sentence grammatical? Yes or No: Harry vede che il cane porta il giocattolo
A: ",Harry vede che il cane porta il giocattolo,Yes,Yes,,0
124,ita-r-2-subordinate,"We will give you examples of Italian sentences that follow or violate the rules of a shared grammar, along with labels 'Yes' or 'No'. You will then generate a label, 'Yes' or 'No', for a new unlabeled sentence that may follow or violate the same grammar rules.

Q: Is this sentence grammatical? Yes or No: Leela vede che gli insegnanti portano il giornale
A: Yes

Q: Is this sentence grammatical? Yes or No: Gomu dice che il cane tiene giocattolo il
A: No

Q: Is this sentence grammatical? Yes or No: Gomu osserva che il cane porta la bottiglia
A: Yes

Q: Is this sentence grammatical? Yes or No: Sheela dice che i cani tengono pesce il
A: No

Q: Is this sentence grammatical? Yes or No: Leela afferma che i cani mangiano il pesce
A: Yes

Q: Is this sentence grammatical? Yes or No: Tom dice che un' uomo tiene bottiglia una
A: No

Q: Is this sentence grammatical? Yes or No: Maria osserva che un' uomo porta cappello un
A: No

Q: Is this sentence grammatical? Yes or No: Sheela sa che i ragazzi portano il giocattolo
A: Yes

Q: Is this sentence grammatical? Yes or No: Leela afferma che gli insegnanti salgono scala la
A: No

Q: Is this sentence grammatical? Yes or No: Harry osserva che il cane porta la bottiglia
A: Yes

Q: Is this sentence grammatical? Yes or No: Maria osserva che il gatto tiene la scatola
A: ",Maria osserva che il gatto tiene la scatola,Yes,Yes,,0
125,ita-r-2-subordinate,"We will give you examples of Italian sentences that follow or violate the rules of a shared grammar, along with labels 'Yes' or 'No'. You will then generate a label, 'Yes' or 'No', for a new unlabeled sentence that may follow or violate the same grammar rules.

Q: Is this sentence grammatical? Yes or No: Leela vede che gli insegnanti portano giornale il
A: No

Q: Is this sentence grammatical? Yes or No: Gomu dice che il cane tiene giocattolo il
A: No

Q: Is this sentence grammatical? Yes or No: Gomu osserva che il cane porta la bottiglia
A: Yes

Q: Is this sentence grammatical? Yes or No: Sheela dice che i cani tengono il pesce
A: Yes

Q: Is this sentence grammatical? Yes or No: Leela afferma che i cani mangiano pesce il
A: No

Q: Is this sentence grammatical? Yes or No: Tom dice che un' uomo tiene una bottiglia
A: Yes

Q: Is this sentence grammatical? Yes or No: Maria osserva che un' uomo porta un cappello
A: Yes

Q: Is this sentence grammatical? Yes or No: Sheela sa che i ragazzi portano giocattolo il
A: No

Q: Is this sentence grammatical? Yes or No: Leela afferma che gli insegnanti salgono scala la
A: No

Q: Is this sentence grammatical? Yes or No: Harry osserva che il cane porta bottiglia la
A: No

Q: Is this sentence grammatical? Yes or No: Leela osserva che l'uomo porta giocattolo un
A: ",Leela osserva che l'uomo porta giocattolo un,No,No,,0
126,ita-r-2-subordinate,"We will give you examples of Italian sentences that follow or violate the rules of a shared grammar, along with labels 'Yes' or 'No'. You will then generate a label, 'Yes' or 'No', for a new unlabeled sentence that may follow or violate the same grammar rules.

Q: Is this sentence grammatical? Yes or No: Leela vede che gli insegnanti portano giornale il
A: No

Q: Is this sentence grammatical? Yes or No: Gomu dice che il cane tiene giocattolo il
A: No

Q: Is this sentence grammatical? Yes or No: Gomu osserva che il cane porta la bottiglia
A: Yes

Q: Is this sentence grammatical? Yes or No: Sheela dice che i cani tengono pesce il
A: No

Q: Is this sentence grammatical? Yes or No: Leela afferma che i cani mangiano il pesce
A: Yes

Q: Is this sentence grammatical? Yes or No: Tom dice che un' uomo tiene bottiglia una
A: No

Q: Is this sentence grammatical? Yes or No: Maria osserva che un' uomo porta un cappello
A: Yes

Q: Is this sentence grammatical? Yes or No: Sheela sa che i ragazzi portano giocattolo il
A: No

Q: Is this sentence grammatical? Yes or No: Leela afferma che gli insegnanti salgono scala la
A: No

Q: Is this sentence grammatical? Yes or No: Harry osserva che il cane porta bottiglia la
A: No

Q: Is this sentence grammatical? Yes or No: Harry vede che un' uomo porta la scatola
A: ",Harry vede che un' uomo porta la scatola,Yes,Yes,,0
127,ita-r-2-subordinate,"We will give you examples of Italian sentences that follow or violate the rules of a shared grammar, along with labels 'Yes' or 'No'. You will then generate a label, 'Yes' or 'No', for a new unlabeled sentence that may follow or violate the same grammar rules.

Q: Is this sentence grammatical? Yes or No: Leela vede che gli insegnanti portano il giornale
A: Yes

Q: Is this sentence grammatical? Yes or No: Gomu dice che il cane tiene giocattolo il
A: No

Q: Is this sentence grammatical? Yes or No: Gomu osserva che il cane porta bottiglia la
A: No

Q: Is this sentence grammatical? Yes or No: Sheela dice che i cani tengono il pesce
A: Yes

Q: Is this sentence grammatical? Yes or No: Leela afferma che i cani mangiano pesce il
A: No

Q: Is this sentence grammatical? Yes or No: Tom dice che un' uomo tiene bottiglia una
A: No

Q: Is this sentence grammatical? Yes or No: Maria osserva che un' uomo porta cappello un
A: No

Q: Is this sentence grammatical? Yes or No: Sheela sa che i ragazzi portano il giocattolo
A: Yes

Q: Is this sentence grammatical? Yes or No: Leela afferma che gli insegnanti salgono la scala
A: Yes

Q: Is this sentence grammatical? Yes or No: Harry osserva che il cane porta bottiglia la
A: No

Q: Is this sentence grammatical? Yes or No: Maria osserva che i cani tengono la tazza
A: ",Maria osserva che i cani tengono la tazza,No,Yes,,0
128,ita-r-2-subordinate,"We will give you examples of Italian sentences that follow or violate the rules of a shared grammar, along with labels 'Yes' or 'No'. You will then generate a label, 'Yes' or 'No', for a new unlabeled sentence that may follow or violate the same grammar rules.

Q: Is this sentence grammatical? Yes or No: Leela vede che gli insegnanti portano giornale il
A: No

Q: Is this sentence grammatical? Yes or No: Gomu dice che il cane tiene il giocattolo
A: Yes

Q: Is this sentence grammatical? Yes or No: Gomu osserva che il cane porta bottiglia la
A: No

Q: Is this sentence grammatical? Yes or No: Sheela dice che i cani tengono pesce il
A: No

Q: Is this sentence grammatical? Yes or No: Leela afferma che i cani mangiano il pesce
A: Yes

Q: Is this sentence grammatical? Yes or No: Tom dice che un' uomo tiene bottiglia una
A: No

Q: Is this sentence grammatical? Yes or No: Maria osserva che un' uomo porta cappello un
A: No

Q: Is this sentence grammatical? Yes or No: Sheela sa che i ragazzi portano il giocattolo
A: Yes

Q: Is this sentence grammatical? Yes or No: Leela afferma che gli insegnanti salgono la scala
A: Yes

Q: Is this sentence grammatical? Yes or No: Harry osserva che il cane porta bottiglia la
A: No

Q: Is this sentence grammatical? Yes or No: John afferma che le donne portano il gesso
A: ",John afferma che le donne portano il gesso,Yes,Yes,,0
129,ita-r-2-subordinate,"We will give you examples of Italian sentences that follow or violate the rules of a shared grammar, along with labels 'Yes' or 'No'. You will then generate a label, 'Yes' or 'No', for a new unlabeled sentence that may follow or violate the same grammar rules.

Q: Is this sentence grammatical? Yes or No: Leela vede che gli insegnanti portano il giornale
A: Yes

Q: Is this sentence grammatical? Yes or No: Gomu dice che il cane tiene il giocattolo
A: Yes

Q: Is this sentence grammatical? Yes or No: Gomu osserva che il cane porta bottiglia la
A: No

Q: Is this sentence grammatical? Yes or No: Sheela dice che i cani tengono il pesce
A: Yes

Q: Is this sentence grammatical? Yes or No: Leela afferma che i cani mangiano pesce il
A: No

Q: Is this sentence grammatical? Yes or No: Tom dice che un' uomo tiene una bottiglia
A: Yes

Q: Is this sentence grammatical? Yes or No: Maria osserva che un' uomo porta cappello un
A: No

Q: Is this sentence grammatical? Yes or No: Sheela sa che i ragazzi portano giocattolo il
A: No

Q: Is this sentence grammatical? Yes or No: Leela afferma che gli insegnanti salgono la scala
A: Yes

Q: Is this sentence grammatical? Yes or No: Harry osserva che il cane porta bottiglia la
A: No

Q: Is this sentence grammatical? Yes or No: Gomu afferma che la ragazza porta la lampadina
A: ",Gomu afferma che la ragazza porta la lampadina,Yes,Yes,,0
130,ita-r-2-subordinate,"We will give you examples of Italian sentences that follow or violate the rules of a shared grammar, along with labels 'Yes' or 'No'. You will then generate a label, 'Yes' or 'No', for a new unlabeled sentence that may follow or violate the same grammar rules.

Q: Is this sentence grammatical? Yes or No: Leela vede che gli insegnanti portano il giornale
A: Yes

Q: Is this sentence grammatical? Yes or No: Gomu dice che il cane tiene il giocattolo
A: Yes

Q: Is this sentence grammatical? Yes or No: Gomu osserva che il cane porta bottiglia la
A: No

Q: Is this sentence grammatical? Yes or No: Sheela dice che i cani tengono il pesce
A: Yes

Q: Is this sentence grammatical? Yes or No: Leela afferma che i cani mangiano il pesce
A: Yes

Q: Is this sentence grammatical? Yes or No: Tom dice che un' uomo tiene bottiglia una
A: No

Q: Is this sentence grammatical? Yes or No: Maria osserva che un' uomo porta cappello un
A: No

Q: Is this sentence grammatical? Yes or No: Sheela sa che i ragazzi portano giocattolo il
A: No

Q: Is this sentence grammatical? Yes or No: Leela afferma che gli insegnanti salgono la scala
A: Yes

Q: Is this sentence grammatical? Yes or No: Harry osserva che il cane porta bottiglia la
A: No

Q: Is this sentence grammatical? Yes or No: Maria dice che un ragazzo porta scatola la
A: ",Maria dice che un ragazzo porta scatola la,No,No,,0
131,ita-r-2-subordinate,"We will give you examples of Italian sentences that follow or violate the rules of a shared grammar, along with labels 'Yes' or 'No'. You will then generate a label, 'Yes' or 'No', for a new unlabeled sentence that may follow or violate the same grammar rules.

Q: Is this sentence grammatical? Yes or No: Leela vede che gli insegnanti portano giornale il
A: No

Q: Is this sentence grammatical? Yes or No: Gomu dice che il cane tiene giocattolo il
A: No

Q: Is this sentence grammatical? Yes or No: Gomu osserva che il cane porta bottiglia la
A: No

Q: Is this sentence grammatical? Yes or No: Sheela dice che i cani tengono pesce il
A: No

Q: Is this sentence grammatical? Yes or No: Leela afferma che i cani mangiano il pesce
A: Yes

Q: Is this sentence grammatical? Yes or No: Tom dice che un' uomo tiene una bottiglia
A: Yes

Q: Is this sentence grammatical? Yes or No: Maria osserva che un' uomo porta un cappello
A: Yes

Q: Is this sentence grammatical? Yes or No: Sheela sa che i ragazzi portano il giocattolo
A: Yes

Q: Is this sentence grammatical? Yes or No: Leela afferma che gli insegnanti salgono la scala
A: Yes

Q: Is this sentence grammatical? Yes or No: Harry osserva che il cane porta bottiglia la
A: No

Q: Is this sentence grammatical? Yes or No: Gomu sa che la ragazza porta una tazza
A: ",Gomu sa che la ragazza porta una tazza,Yes,Yes,,0
132,ita-r-2-subordinate,"We will give you examples of Italian sentences that follow or violate the rules of a shared grammar, along with labels 'Yes' or 'No'. You will then generate a label, 'Yes' or 'No', for a new unlabeled sentence that may follow or violate the same grammar rules.

Q: Is this sentence grammatical? Yes or No: Leela vede che gli insegnanti portano il giornale
A: Yes

Q: Is this sentence grammatical? Yes or No: Gomu dice che il cane tiene il giocattolo
A: Yes

Q: Is this sentence grammatical? Yes or No: Gomu osserva che il cane porta bottiglia la
A: No

Q: Is this sentence grammatical? Yes or No: Sheela dice che i cani tengono il pesce
A: Yes

Q: Is this sentence grammatical? Yes or No: Leela afferma che i cani mangiano il pesce
A: Yes

Q: Is this sentence grammatical? Yes or No: Tom dice che un' uomo tiene bottiglia una
A: No

Q: Is this sentence grammatical? Yes or No: Maria osserva che un' uomo porta un cappello
A: Yes

Q: Is this sentence grammatical? Yes or No: Sheela sa che i ragazzi portano il giocattolo
A: Yes

Q: Is this sentence grammatical? Yes or No: Leela afferma che gli insegnanti salgono la scala
A: Yes

Q: Is this sentence grammatical? Yes or No: Harry osserva che il cane porta la bottiglia
A: Yes

Q: Is this sentence grammatical? Yes or No: Gomu osserva che una donna porta scatola la
A: ",Gomu osserva che una donna porta scatola la,No,No,,0
133,ita-r-2-subordinate,"We will give you examples of Italian sentences that follow or violate the rules of a shared grammar, along with labels 'Yes' or 'No'. You will then generate a label, 'Yes' or 'No', for a new unlabeled sentence that may follow or violate the same grammar rules.

Q: Is this sentence grammatical? Yes or No: Leela vede che gli insegnanti portano il giornale
A: Yes

Q: Is this sentence grammatical? Yes or No: Gomu dice che il cane tiene giocattolo il
A: No

Q: Is this sentence grammatical? Yes or No: Gomu osserva che il cane porta la bottiglia
A: Yes

Q: Is this sentence grammatical? Yes or No: Sheela dice che i cani tengono il pesce
A: Yes

Q: Is this sentence grammatical? Yes or No: Leela afferma che i cani mangiano il pesce
A: Yes

Q: Is this sentence grammatical? Yes or No: Tom dice che un' uomo tiene una bottiglia
A: Yes

Q: Is this sentence grammatical? Yes or No: Maria osserva che un' uomo porta cappello un
A: No

Q: Is this sentence grammatical? Yes or No: Sheela sa che i ragazzi portano il giocattolo
A: Yes

Q: Is this sentence grammatical? Yes or No: Leela afferma che gli insegnanti salgono scala la
A: No

Q: Is this sentence grammatical? Yes or No: Harry osserva che il cane porta la bottiglia
A: Yes

Q: Is this sentence grammatical? Yes or No: Maria dice che un ragazzo scala una montagna
A: ",Maria dice che un ragazzo scala una montagna,No,Yes,,0
134,ita-r-2-subordinate,"We will give you examples of Italian sentences that follow or violate the rules of a shared grammar, along with labels 'Yes' or 'No'. You will then generate a label, 'Yes' or 'No', for a new unlabeled sentence that may follow or violate the same grammar rules.

Q: Is this sentence grammatical? Yes or No: Leela vede che gli insegnanti portano il giornale
A: Yes

Q: Is this sentence grammatical? Yes or No: Gomu dice che il cane tiene il giocattolo
A: Yes

Q: Is this sentence grammatical? Yes or No: Gomu osserva che il cane porta bottiglia la
A: No

Q: Is this sentence grammatical? Yes or No: Sheela dice che i cani tengono pesce il
A: No

Q: Is this sentence grammatical? Yes or No: Leela afferma che i cani mangiano il pesce
A: Yes

Q: Is this sentence grammatical? Yes or No: Tom dice che un' uomo tiene una bottiglia
A: Yes

Q: Is this sentence grammatical? Yes or No: Maria osserva che un' uomo porta un cappello
A: Yes

Q: Is this sentence grammatical? Yes or No: Sheela sa che i ragazzi portano il giocattolo
A: Yes

Q: Is this sentence grammatical? Yes or No: Leela afferma che gli insegnanti salgono la scala
A: Yes

Q: Is this sentence grammatical? Yes or No: Harry osserva che il cane porta bottiglia la
A: No

Q: Is this sentence grammatical? Yes or No: Leela afferma che le donne salgono tetto il
A: ",Leela afferma che le donne salgono tetto il,No,No,,0
135,ita-r-2-subordinate,"We will give you examples of Italian sentences that follow or violate the rules of a shared grammar, along with labels 'Yes' or 'No'. You will then generate a label, 'Yes' or 'No', for a new unlabeled sentence that may follow or violate the same grammar rules.

Q: Is this sentence grammatical? Yes or No: Leela vede che gli insegnanti portano il giornale
A: Yes

Q: Is this sentence grammatical? Yes or No: Gomu dice che il cane tiene il giocattolo
A: Yes

Q: Is this sentence grammatical? Yes or No: Gomu osserva che il cane porta bottiglia la
A: No

Q: Is this sentence grammatical? Yes or No: Sheela dice che i cani tengono il pesce
A: Yes

Q: Is this sentence grammatical? Yes or No: Leela afferma che i cani mangiano il pesce
A: Yes

Q: Is this sentence grammatical? Yes or No: Tom dice che un' uomo tiene una bottiglia
A: Yes

Q: Is this sentence grammatical? Yes or No: Maria osserva che un' uomo porta cappello un
A: No

Q: Is this sentence grammatical? Yes or No: Sheela sa che i ragazzi portano giocattolo il
A: No

Q: Is this sentence grammatical? Yes or No: Leela afferma che gli insegnanti salgono la scala
A: Yes

Q: Is this sentence grammatical? Yes or No: Harry osserva che il cane porta la bottiglia
A: Yes

Q: Is this sentence grammatical? Yes or No: Maria sa che un ragazzo porta il pesce
A: ",Maria sa che un ragazzo porta il pesce,Yes,Yes,,0
136,ita-r-2-subordinate,"We will give you examples of Italian sentences that follow or violate the rules of a shared grammar, along with labels 'Yes' or 'No'. You will then generate a label, 'Yes' or 'No', for a new unlabeled sentence that may follow or violate the same grammar rules.

Q: Is this sentence grammatical? Yes or No: Leela vede che gli insegnanti portano giornale il
A: No

Q: Is this sentence grammatical? Yes or No: Gomu dice che il cane tiene giocattolo il
A: No

Q: Is this sentence grammatical? Yes or No: Gomu osserva che il cane porta la bottiglia
A: Yes

Q: Is this sentence grammatical? Yes or No: Sheela dice che i cani tengono pesce il
A: No

Q: Is this sentence grammatical? Yes or No: Leela afferma che i cani mangiano pesce il
A: No

Q: Is this sentence grammatical? Yes or No: Tom dice che un' uomo tiene bottiglia una
A: No

Q: Is this sentence grammatical? Yes or No: Maria osserva che un' uomo porta cappello un
A: No

Q: Is this sentence grammatical? Yes or No: Sheela sa che i ragazzi portano il giocattolo
A: Yes

Q: Is this sentence grammatical? Yes or No: Leela afferma che gli insegnanti salgono la scala
A: Yes

Q: Is this sentence grammatical? Yes or No: Harry osserva che il cane porta la bottiglia
A: Yes

Q: Is this sentence grammatical? Yes or No: Sheela dice che le ragazze salgono collina la
A: ",Sheela dice che le ragazze salgono collina la,No,No,,0
137,ita-r-2-subordinate,"We will give you examples of Italian sentences that follow or violate the rules of a shared grammar, along with labels 'Yes' or 'No'. You will then generate a label, 'Yes' or 'No', for a new unlabeled sentence that may follow or violate the same grammar rules.

Q: Is this sentence grammatical? Yes or No: Leela vede che gli insegnanti portano giornale il
A: No

Q: Is this sentence grammatical? Yes or No: Gomu dice che il cane tiene il giocattolo
A: Yes

Q: Is this sentence grammatical? Yes or No: Gomu osserva che il cane porta la bottiglia
A: Yes

Q: Is this sentence grammatical? Yes or No: Sheela dice che i cani tengono il pesce
A: Yes

Q: Is this sentence grammatical? Yes or No: Leela afferma che i cani mangiano il pesce
A: Yes

Q: Is this sentence grammatical? Yes or No: Tom dice che un' uomo tiene bottiglia una
A: No

Q: Is this sentence grammatical? Yes or No: Maria osserva che un' uomo porta cappello un
A: No

Q: Is this sentence grammatical? Yes or No: Sheela sa che i ragazzi portano il giocattolo
A: Yes

Q: Is this sentence grammatical? Yes or No: Leela afferma che gli insegnanti salgono la scala
A: Yes

Q: Is this sentence grammatical? Yes or No: Harry osserva che il cane porta la bottiglia
A: Yes

Q: Is this sentence grammatical? Yes or No: Leela afferma che le ragazze prendono gesso il
A: ",Leela afferma che le ragazze prendono gesso il,Yes,No,,0
138,ita-r-2-subordinate,"We will give you examples of Italian sentences that follow or violate the rules of a shared grammar, along with labels 'Yes' or 'No'. You will then generate a label, 'Yes' or 'No', for a new unlabeled sentence that may follow or violate the same grammar rules.

Q: Is this sentence grammatical? Yes or No: Leela vede che gli insegnanti portano giornale il
A: No

Q: Is this sentence grammatical? Yes or No: Gomu dice che il cane tiene giocattolo il
A: No

Q: Is this sentence grammatical? Yes or No: Gomu osserva che il cane porta bottiglia la
A: No

Q: Is this sentence grammatical? Yes or No: Sheela dice che i cani tengono pesce il
A: No

Q: Is this sentence grammatical? Yes or No: Leela afferma che i cani mangiano il pesce
A: Yes

Q: Is this sentence grammatical? Yes or No: Tom dice che un' uomo tiene una bottiglia
A: Yes

Q: Is this sentence grammatical? Yes or No: Maria osserva che un' uomo porta cappello un
A: No

Q: Is this sentence grammatical? Yes or No: Sheela sa che i ragazzi portano il giocattolo
A: Yes

Q: Is this sentence grammatical? Yes or No: Leela afferma che gli insegnanti salgono la scala
A: Yes

Q: Is this sentence grammatical? Yes or No: Harry osserva che il cane porta la bottiglia
A: Yes

Q: Is this sentence grammatical? Yes or No: Harry afferma che l'insegnante tiene un cappello
A: ",Harry afferma che l'insegnante tiene un cappello,Yes,Yes,,0
139,ita-r-2-subordinate,"We will give you examples of Italian sentences that follow or violate the rules of a shared grammar, along with labels 'Yes' or 'No'. You will then generate a label, 'Yes' or 'No', for a new unlabeled sentence that may follow or violate the same grammar rules.

Q: Is this sentence grammatical? Yes or No: Leela vede che gli insegnanti portano il giornale
A: Yes

Q: Is this sentence grammatical? Yes or No: Gomu dice che il cane tiene il giocattolo
A: Yes

Q: Is this sentence grammatical? Yes or No: Gomu osserva che il cane porta bottiglia la
A: No

Q: Is this sentence grammatical? Yes or No: Sheela dice che i cani tengono pesce il
A: No

Q: Is this sentence grammatical? Yes or No: Leela afferma che i cani mangiano pesce il
A: No

Q: Is this sentence grammatical? Yes or No: Tom dice che un' uomo tiene bottiglia una
A: No

Q: Is this sentence grammatical? Yes or No: Maria osserva che un' uomo porta un cappello
A: Yes

Q: Is this sentence grammatical? Yes or No: Sheela sa che i ragazzi portano giocattolo il
A: No

Q: Is this sentence grammatical? Yes or No: Leela afferma che gli insegnanti salgono la scala
A: Yes

Q: Is this sentence grammatical? Yes or No: Harry osserva che il cane porta bottiglia la
A: No

Q: Is this sentence grammatical? Yes or No: Leela vede che il cane porta giornale un
A: ",Leela vede che il cane porta giornale un,No,No,,0
140,ita-r-2-subordinate,"We will give you examples of Italian sentences that follow or violate the rules of a shared grammar, along with labels 'Yes' or 'No'. You will then generate a label, 'Yes' or 'No', for a new unlabeled sentence that may follow or violate the same grammar rules.

Q: Is this sentence grammatical? Yes or No: Leela vede che gli insegnanti portano il giornale
A: Yes

Q: Is this sentence grammatical? Yes or No: Gomu dice che il cane tiene giocattolo il
A: No

Q: Is this sentence grammatical? Yes or No: Gomu osserva che il cane porta la bottiglia
A: Yes

Q: Is this sentence grammatical? Yes or No: Sheela dice che i cani tengono il pesce
A: Yes

Q: Is this sentence grammatical? Yes or No: Leela afferma che i cani mangiano pesce il
A: No

Q: Is this sentence grammatical? Yes or No: Tom dice che un' uomo tiene bottiglia una
A: No

Q: Is this sentence grammatical? Yes or No: Maria osserva che un' uomo porta un cappello
A: Yes

Q: Is this sentence grammatical? Yes or No: Sheela sa che i ragazzi portano giocattolo il
A: No

Q: Is this sentence grammatical? Yes or No: Leela afferma che gli insegnanti salgono scala la
A: No

Q: Is this sentence grammatical? Yes or No: Harry osserva che il cane porta bottiglia la
A: No

Q: Is this sentence grammatical? Yes or No: Maria osserva che gli insegnanti portano il topo
A: ",Maria osserva che gli insegnanti portano il topo,Yes,Yes,,0
141,ita-r-2-subordinate,"We will give you examples of Italian sentences that follow or violate the rules of a shared grammar, along with labels 'Yes' or 'No'. You will then generate a label, 'Yes' or 'No', for a new unlabeled sentence that may follow or violate the same grammar rules.

Q: Is this sentence grammatical? Yes or No: Leela vede che gli insegnanti portano giornale il
A: No

Q: Is this sentence grammatical? Yes or No: Gomu dice che il cane tiene il giocattolo
A: Yes

Q: Is this sentence grammatical? Yes or No: Gomu osserva che il cane porta bottiglia la
A: No

Q: Is this sentence grammatical? Yes or No: Sheela dice che i cani tengono il pesce
A: Yes

Q: Is this sentence grammatical? Yes or No: Leela afferma che i cani mangiano il pesce
A: Yes

Q: Is this sentence grammatical? Yes or No: Tom dice che un' uomo tiene una bottiglia
A: Yes

Q: Is this sentence grammatical? Yes or No: Maria osserva che un' uomo porta cappello un
A: No

Q: Is this sentence grammatical? Yes or No: Sheela sa che i ragazzi portano giocattolo il
A: No

Q: Is this sentence grammatical? Yes or No: Leela afferma che gli insegnanti salgono scala la
A: No

Q: Is this sentence grammatical? Yes or No: Harry osserva che il cane porta la bottiglia
A: Yes

Q: Is this sentence grammatical? Yes or No: Maria vede che i cani tengono bottiglia la
A: ",Maria vede che i cani tengono bottiglia la,No,No,,0
142,ita-r-2-subordinate,"We will give you examples of Italian sentences that follow or violate the rules of a shared grammar, along with labels 'Yes' or 'No'. You will then generate a label, 'Yes' or 'No', for a new unlabeled sentence that may follow or violate the same grammar rules.

Q: Is this sentence grammatical? Yes or No: Leela vede che gli insegnanti portano il giornale
A: Yes

Q: Is this sentence grammatical? Yes or No: Gomu dice che il cane tiene il giocattolo
A: Yes

Q: Is this sentence grammatical? Yes or No: Gomu osserva che il cane porta la bottiglia
A: Yes

Q: Is this sentence grammatical? Yes or No: Sheela dice che i cani tengono pesce il
A: No

Q: Is this sentence grammatical? Yes or No: Leela afferma che i cani mangiano pesce il
A: No

Q: Is this sentence grammatical? Yes or No: Tom dice che un' uomo tiene una bottiglia
A: Yes

Q: Is this sentence grammatical? Yes or No: Maria osserva che un' uomo porta cappello un
A: No

Q: Is this sentence grammatical? Yes or No: Sheela sa che i ragazzi portano il giocattolo
A: Yes

Q: Is this sentence grammatical? Yes or No: Leela afferma che gli insegnanti salgono la scala
A: Yes

Q: Is this sentence grammatical? Yes or No: Harry osserva che il cane porta la bottiglia
A: Yes

Q: Is this sentence grammatical? Yes or No: John dice che il oratorio legge un capitolo
A: ",John dice che il oratorio legge un capitolo,No,Yes,,0
143,ita-r-2-subordinate,"We will give you examples of Italian sentences that follow or violate the rules of a shared grammar, along with labels 'Yes' or 'No'. You will then generate a label, 'Yes' or 'No', for a new unlabeled sentence that may follow or violate the same grammar rules.

Q: Is this sentence grammatical? Yes or No: Leela vede che gli insegnanti portano giornale il
A: No

Q: Is this sentence grammatical? Yes or No: Gomu dice che il cane tiene giocattolo il
A: No

Q: Is this sentence grammatical? Yes or No: Gomu osserva che il cane porta la bottiglia
A: Yes

Q: Is this sentence grammatical? Yes or No: Sheela dice che i cani tengono pesce il
A: No

Q: Is this sentence grammatical? Yes or No: Leela afferma che i cani mangiano pesce il
A: No

Q: Is this sentence grammatical? Yes or No: Tom dice che un' uomo tiene bottiglia una
A: No

Q: Is this sentence grammatical? Yes or No: Maria osserva che un' uomo porta un cappello
A: Yes

Q: Is this sentence grammatical? Yes or No: Sheela sa che i ragazzi portano giocattolo il
A: No

Q: Is this sentence grammatical? Yes or No: Leela afferma che gli insegnanti salgono scala la
A: No

Q: Is this sentence grammatical? Yes or No: Harry osserva che il cane porta la bottiglia
A: Yes

Q: Is this sentence grammatical? Yes or No: Sheela vede che le donne portano tazza la
A: ",Sheela vede che le donne portano tazza la,No,No,,0
144,ita-r-2-subordinate,"We will give you examples of Italian sentences that follow or violate the rules of a shared grammar, along with labels 'Yes' or 'No'. You will then generate a label, 'Yes' or 'No', for a new unlabeled sentence that may follow or violate the same grammar rules.

Q: Is this sentence grammatical? Yes or No: Leela vede che gli insegnanti portano il giornale
A: Yes

Q: Is this sentence grammatical? Yes or No: Gomu dice che il cane tiene il giocattolo
A: Yes

Q: Is this sentence grammatical? Yes or No: Gomu osserva che il cane porta bottiglia la
A: No

Q: Is this sentence grammatical? Yes or No: Sheela dice che i cani tengono il pesce
A: Yes

Q: Is this sentence grammatical? Yes or No: Leela afferma che i cani mangiano pesce il
A: No

Q: Is this sentence grammatical? Yes or No: Tom dice che un' uomo tiene una bottiglia
A: Yes

Q: Is this sentence grammatical? Yes or No: Maria osserva che un' uomo porta cappello un
A: No

Q: Is this sentence grammatical? Yes or No: Sheela sa che i ragazzi portano il giocattolo
A: Yes

Q: Is this sentence grammatical? Yes or No: Leela afferma che gli insegnanti salgono scala la
A: No

Q: Is this sentence grammatical? Yes or No: Harry osserva che il cane porta bottiglia la
A: No

Q: Is this sentence grammatical? Yes or No: Harry afferma che i ragazzi portano lampadina la
A: ",Harry afferma che i ragazzi portano lampadina la,No,No,,0
145,ita-r-2-subordinate,"We will give you examples of Italian sentences that follow or violate the rules of a shared grammar, along with labels 'Yes' or 'No'. You will then generate a label, 'Yes' or 'No', for a new unlabeled sentence that may follow or violate the same grammar rules.

Q: Is this sentence grammatical? Yes or No: Leela vede che gli insegnanti portano giornale il
A: No

Q: Is this sentence grammatical? Yes or No: Gomu dice che il cane tiene il giocattolo
A: Yes

Q: Is this sentence grammatical? Yes or No: Gomu osserva che il cane porta bottiglia la
A: No

Q: Is this sentence grammatical? Yes or No: Sheela dice che i cani tengono pesce il
A: No

Q: Is this sentence grammatical? Yes or No: Leela afferma che i cani mangiano pesce il
A: No

Q: Is this sentence grammatical? Yes or No: Tom dice che un' uomo tiene bottiglia una
A: No

Q: Is this sentence grammatical? Yes or No: Maria osserva che un' uomo porta un cappello
A: Yes

Q: Is this sentence grammatical? Yes or No: Sheela sa che i ragazzi portano giocattolo il
A: No

Q: Is this sentence grammatical? Yes or No: Leela afferma che gli insegnanti salgono la scala
A: Yes

Q: Is this sentence grammatical? Yes or No: Harry osserva che il cane porta bottiglia la
A: No

Q: Is this sentence grammatical? Yes or No: Maria sa che i cani portano giocattolo il
A: ",Maria sa che i cani portano giocattolo il,No,No,,0
146,ita-r-2-subordinate,"We will give you examples of Italian sentences that follow or violate the rules of a shared grammar, along with labels 'Yes' or 'No'. You will then generate a label, 'Yes' or 'No', for a new unlabeled sentence that may follow or violate the same grammar rules.

Q: Is this sentence grammatical? Yes or No: Leela vede che gli insegnanti portano il giornale
A: Yes

Q: Is this sentence grammatical? Yes or No: Gomu dice che il cane tiene il giocattolo
A: Yes

Q: Is this sentence grammatical? Yes or No: Gomu osserva che il cane porta la bottiglia
A: Yes

Q: Is this sentence grammatical? Yes or No: Sheela dice che i cani tengono pesce il
A: No

Q: Is this sentence grammatical? Yes or No: Leela afferma che i cani mangiano il pesce
A: Yes

Q: Is this sentence grammatical? Yes or No: Tom dice che un' uomo tiene una bottiglia
A: Yes

Q: Is this sentence grammatical? Yes or No: Maria osserva che un' uomo porta un cappello
A: Yes

Q: Is this sentence grammatical? Yes or No: Sheela sa che i ragazzi portano giocattolo il
A: No

Q: Is this sentence grammatical? Yes or No: Leela afferma che gli insegnanti salgono scala la
A: No

Q: Is this sentence grammatical? Yes or No: Harry osserva che il cane porta bottiglia la
A: No

Q: Is this sentence grammatical? Yes or No: Gomu dice che gli insegnanti mangiano il pesce
A: ",Gomu dice che gli insegnanti mangiano il pesce,No,Yes,,0
147,ita-r-2-subordinate,"We will give you examples of Italian sentences that follow or violate the rules of a shared grammar, along with labels 'Yes' or 'No'. You will then generate a label, 'Yes' or 'No', for a new unlabeled sentence that may follow or violate the same grammar rules.

Q: Is this sentence grammatical? Yes or No: Leela vede che gli insegnanti portano il giornale
A: Yes

Q: Is this sentence grammatical? Yes or No: Gomu dice che il cane tiene il giocattolo
A: Yes

Q: Is this sentence grammatical? Yes or No: Gomu osserva che il cane porta la bottiglia
A: Yes

Q: Is this sentence grammatical? Yes or No: Sheela dice che i cani tengono pesce il
A: No

Q: Is this sentence grammatical? Yes or No: Leela afferma che i cani mangiano il pesce
A: Yes

Q: Is this sentence grammatical? Yes or No: Tom dice che un' uomo tiene bottiglia una
A: No

Q: Is this sentence grammatical? Yes or No: Maria osserva che un' uomo porta un cappello
A: Yes

Q: Is this sentence grammatical? Yes or No: Sheela sa che i ragazzi portano il giocattolo
A: Yes

Q: Is this sentence grammatical? Yes or No: Leela afferma che gli insegnanti salgono la scala
A: Yes

Q: Is this sentence grammatical? Yes or No: Harry osserva che il cane porta la bottiglia
A: Yes

Q: Is this sentence grammatical? Yes or No: Harry afferma che un ragazzo tiene il topo
A: ",Harry afferma che un ragazzo tiene il topo,No,Yes,,0
148,ita-r-2-subordinate,"We will give you examples of Italian sentences that follow or violate the rules of a shared grammar, along with labels 'Yes' or 'No'. You will then generate a label, 'Yes' or 'No', for a new unlabeled sentence that may follow or violate the same grammar rules.

Q: Is this sentence grammatical? Yes or No: Leela vede che gli insegnanti portano il giornale
A: Yes

Q: Is this sentence grammatical? Yes or No: Gomu dice che il cane tiene giocattolo il
A: No

Q: Is this sentence grammatical? Yes or No: Gomu osserva che il cane porta la bottiglia
A: Yes

Q: Is this sentence grammatical? Yes or No: Sheela dice che i cani tengono pesce il
A: No

Q: Is this sentence grammatical? Yes or No: Leela afferma che i cani mangiano il pesce
A: Yes

Q: Is this sentence grammatical? Yes or No: Tom dice che un' uomo tiene bottiglia una
A: No

Q: Is this sentence grammatical? Yes or No: Maria osserva che un' uomo porta un cappello
A: Yes

Q: Is this sentence grammatical? Yes or No: Sheela sa che i ragazzi portano il giocattolo
A: Yes

Q: Is this sentence grammatical? Yes or No: Leela afferma che gli insegnanti salgono scala la
A: No

Q: Is this sentence grammatical? Yes or No: Harry osserva che il cane porta bottiglia la
A: No

Q: Is this sentence grammatical? Yes or No: Harry afferma che le donne portano giocattolo il
A: ",Harry afferma che le donne portano giocattolo il,No,No,,0
149,ita-r-2-subordinate,"We will give you examples of Italian sentences that follow or violate the rules of a shared grammar, along with labels 'Yes' or 'No'. You will then generate a label, 'Yes' or 'No', for a new unlabeled sentence that may follow or violate the same grammar rules.

Q: Is this sentence grammatical? Yes or No: Leela vede che gli insegnanti portano giornale il
A: No

Q: Is this sentence grammatical? Yes or No: Gomu dice che il cane tiene il giocattolo
A: Yes

Q: Is this sentence grammatical? Yes or No: Gomu osserva che il cane porta la bottiglia
A: Yes

Q: Is this sentence grammatical? Yes or No: Sheela dice che i cani tengono il pesce
A: Yes

Q: Is this sentence grammatical? Yes or No: Leela afferma che i cani mangiano pesce il
A: No

Q: Is this sentence grammatical? Yes or No: Tom dice che un' uomo tiene bottiglia una
A: No

Q: Is this sentence grammatical? Yes or No: Maria osserva che un' uomo porta un cappello
A: Yes

Q: Is this sentence grammatical? Yes or No: Sheela sa che i ragazzi portano il giocattolo
A: Yes

Q: Is this sentence grammatical? Yes or No: Leela afferma che gli insegnanti salgono scala la
A: No

Q: Is this sentence grammatical? Yes or No: Harry osserva che il cane porta bottiglia la
A: No

Q: Is this sentence grammatical? Yes or No: Gomu dice che gli insegnanti leggono poema il
A: ",Gomu dice che gli insegnanti leggono poema il,No,No,,0
150,ita-r-2-subordinate,"We will give you examples of Italian sentences that follow or violate the rules of a shared grammar, along with labels 'Yes' or 'No'. You will then generate a label, 'Yes' or 'No', for a new unlabeled sentence that may follow or violate the same grammar rules.

Q: Is this sentence grammatical? Yes or No: Leela vede che gli insegnanti portano il giornale
A: Yes

Q: Is this sentence grammatical? Yes or No: Gomu dice che il cane tiene il giocattolo
A: Yes

Q: Is this sentence grammatical? Yes or No: Gomu osserva che il cane porta la bottiglia
A: Yes

Q: Is this sentence grammatical? Yes or No: Sheela dice che i cani tengono il pesce
A: Yes

Q: Is this sentence grammatical? Yes or No: Leela afferma che i cani mangiano pesce il
A: No

Q: Is this sentence grammatical? Yes or No: Tom dice che un' uomo tiene bottiglia una
A: No

Q: Is this sentence grammatical? Yes or No: Maria osserva che un' uomo porta un cappello
A: Yes

Q: Is this sentence grammatical? Yes or No: Sheela sa che i ragazzi portano il giocattolo
A: Yes

Q: Is this sentence grammatical? Yes or No: Leela afferma che gli insegnanti salgono scala la
A: No

Q: Is this sentence grammatical? Yes or No: Harry osserva che il cane porta bottiglia la
A: No

Q: Is this sentence grammatical? Yes or No: Gomu afferma che una donna porta un cappello
A: ",Gomu afferma che una donna porta un cappello,Yes,Yes,,0
151,ita-r-2-subordinate,"We will give you examples of Italian sentences that follow or violate the rules of a shared grammar, along with labels 'Yes' or 'No'. You will then generate a label, 'Yes' or 'No', for a new unlabeled sentence that may follow or violate the same grammar rules.

Q: Is this sentence grammatical? Yes or No: Leela vede che gli insegnanti portano giornale il
A: No

Q: Is this sentence grammatical? Yes or No: Gomu dice che il cane tiene giocattolo il
A: No

Q: Is this sentence grammatical? Yes or No: Gomu osserva che il cane porta la bottiglia
A: Yes

Q: Is this sentence grammatical? Yes or No: Sheela dice che i cani tengono il pesce
A: Yes

Q: Is this sentence grammatical? Yes or No: Leela afferma che i cani mangiano il pesce
A: Yes

Q: Is this sentence grammatical? Yes or No: Tom dice che un' uomo tiene una bottiglia
A: Yes

Q: Is this sentence grammatical? Yes or No: Maria osserva che un' uomo porta cappello un
A: No

Q: Is this sentence grammatical? Yes or No: Sheela sa che i ragazzi portano giocattolo il
A: No

Q: Is this sentence grammatical? Yes or No: Leela afferma che gli insegnanti salgono la scala
A: Yes

Q: Is this sentence grammatical? Yes or No: Harry osserva che il cane porta bottiglia la
A: No

Q: Is this sentence grammatical? Yes or No: Tom afferma che gli insegnanti portano il gesso
A: ",Tom afferma che gli insegnanti portano il gesso,Yes,Yes,,0
152,ita-r-2-subordinate,"We will give you examples of Italian sentences that follow or violate the rules of a shared grammar, along with labels 'Yes' or 'No'. You will then generate a label, 'Yes' or 'No', for a new unlabeled sentence that may follow or violate the same grammar rules.

Q: Is this sentence grammatical? Yes or No: Leela vede che gli insegnanti portano il giornale
A: Yes

Q: Is this sentence grammatical? Yes or No: Gomu dice che il cane tiene il giocattolo
A: Yes

Q: Is this sentence grammatical? Yes or No: Gomu osserva che il cane porta la bottiglia
A: Yes

Q: Is this sentence grammatical? Yes or No: Sheela dice che i cani tengono pesce il
A: No

Q: Is this sentence grammatical? Yes or No: Leela afferma che i cani mangiano il pesce
A: Yes

Q: Is this sentence grammatical? Yes or No: Tom dice che un' uomo tiene bottiglia una
A: No

Q: Is this sentence grammatical? Yes or No: Maria osserva che un' uomo porta cappello un
A: No

Q: Is this sentence grammatical? Yes or No: Sheela sa che i ragazzi portano il giocattolo
A: Yes

Q: Is this sentence grammatical? Yes or No: Leela afferma che gli insegnanti salgono la scala
A: Yes

Q: Is this sentence grammatical? Yes or No: Harry osserva che il cane porta bottiglia la
A: No

Q: Is this sentence grammatical? Yes or No: Harry dice che un' insegnante porta il giocattolo
A: ",Harry dice che un' insegnante porta il giocattolo,Yes,Yes,,0
153,ita-r-2-subordinate,"We will give you examples of Italian sentences that follow or violate the rules of a shared grammar, along with labels 'Yes' or 'No'. You will then generate a label, 'Yes' or 'No', for a new unlabeled sentence that may follow or violate the same grammar rules.

Q: Is this sentence grammatical? Yes or No: Leela vede che gli insegnanti portano il giornale
A: Yes

Q: Is this sentence grammatical? Yes or No: Gomu dice che il cane tiene il giocattolo
A: Yes

Q: Is this sentence grammatical? Yes or No: Gomu osserva che il cane porta bottiglia la
A: No

Q: Is this sentence grammatical? Yes or No: Sheela dice che i cani tengono pesce il
A: No

Q: Is this sentence grammatical? Yes or No: Leela afferma che i cani mangiano pesce il
A: No

Q: Is this sentence grammatical? Yes or No: Tom dice che un' uomo tiene una bottiglia
A: Yes

Q: Is this sentence grammatical? Yes or No: Maria osserva che un' uomo porta un cappello
A: Yes

Q: Is this sentence grammatical? Yes or No: Sheela sa che i ragazzi portano il giocattolo
A: Yes

Q: Is this sentence grammatical? Yes or No: Leela afferma che gli insegnanti salgono la scala
A: Yes

Q: Is this sentence grammatical? Yes or No: Harry osserva che il cane porta bottiglia la
A: No

Q: Is this sentence grammatical? Yes or No: Gomu afferma che gli uomini salgono la collina
A: ",Gomu afferma che gli uomini salgono la collina,Yes,Yes,,0
154,ita-r-2-subordinate,"We will give you examples of Italian sentences that follow or violate the rules of a shared grammar, along with labels 'Yes' or 'No'. You will then generate a label, 'Yes' or 'No', for a new unlabeled sentence that may follow or violate the same grammar rules.

Q: Is this sentence grammatical? Yes or No: Leela vede che gli insegnanti portano il giornale
A: Yes

Q: Is this sentence grammatical? Yes or No: Gomu dice che il cane tiene giocattolo il
A: No

Q: Is this sentence grammatical? Yes or No: Gomu osserva che il cane porta bottiglia la
A: No

Q: Is this sentence grammatical? Yes or No: Sheela dice che i cani tengono pesce il
A: No

Q: Is this sentence grammatical? Yes or No: Leela afferma che i cani mangiano pesce il
A: No

Q: Is this sentence grammatical? Yes or No: Tom dice che un' uomo tiene una bottiglia
A: Yes

Q: Is this sentence grammatical? Yes or No: Maria osserva che un' uomo porta un cappello
A: Yes

Q: Is this sentence grammatical? Yes or No: Sheela sa che i ragazzi portano il giocattolo
A: Yes

Q: Is this sentence grammatical? Yes or No: Leela afferma che gli insegnanti salgono scala la
A: No

Q: Is this sentence grammatical? Yes or No: Harry osserva che il cane porta bottiglia la
A: No

Q: Is this sentence grammatical? Yes or No: Maria afferma che un' insegnante mangia pizza la
A: ",Maria afferma che un' insegnante mangia pizza la,No,No,,0
155,ita-r-2-subordinate,"We will give you examples of Italian sentences that follow or violate the rules of a shared grammar, along with labels 'Yes' or 'No'. You will then generate a label, 'Yes' or 'No', for a new unlabeled sentence that may follow or violate the same grammar rules.

Q: Is this sentence grammatical? Yes or No: Leela vede che gli insegnanti portano il giornale
A: Yes

Q: Is this sentence grammatical? Yes or No: Gomu dice che il cane tiene giocattolo il
A: No

Q: Is this sentence grammatical? Yes or No: Gomu osserva che il cane porta la bottiglia
A: Yes

Q: Is this sentence grammatical? Yes or No: Sheela dice che i cani tengono il pesce
A: Yes

Q: Is this sentence grammatical? Yes or No: Leela afferma che i cani mangiano il pesce
A: Yes

Q: Is this sentence grammatical? Yes or No: Tom dice che un' uomo tiene una bottiglia
A: Yes

Q: Is this sentence grammatical? Yes or No: Maria osserva che un' uomo porta un cappello
A: Yes

Q: Is this sentence grammatical? Yes or No: Sheela sa che i ragazzi portano il giocattolo
A: Yes

Q: Is this sentence grammatical? Yes or No: Leela afferma che gli insegnanti salgono scala la
A: No

Q: Is this sentence grammatical? Yes or No: Harry osserva che il cane porta la bottiglia
A: Yes

Q: Is this sentence grammatical? Yes or No: Sheela dice che un ragazzo porta la bottiglia
A: ",Sheela dice che un ragazzo porta la bottiglia,Yes,Yes,,0
156,ita-r-2-subordinate,"We will give you examples of Italian sentences that follow or violate the rules of a shared grammar, along with labels 'Yes' or 'No'. You will then generate a label, 'Yes' or 'No', for a new unlabeled sentence that may follow or violate the same grammar rules.

Q: Is this sentence grammatical? Yes or No: Leela vede che gli insegnanti portano giornale il
A: No

Q: Is this sentence grammatical? Yes or No: Gomu dice che il cane tiene il giocattolo
A: Yes

Q: Is this sentence grammatical? Yes or No: Gomu osserva che il cane porta la bottiglia
A: Yes

Q: Is this sentence grammatical? Yes or No: Sheela dice che i cani tengono pesce il
A: No

Q: Is this sentence grammatical? Yes or No: Leela afferma che i cani mangiano il pesce
A: Yes

Q: Is this sentence grammatical? Yes or No: Tom dice che un' uomo tiene una bottiglia
A: Yes

Q: Is this sentence grammatical? Yes or No: Maria osserva che un' uomo porta cappello un
A: No

Q: Is this sentence grammatical? Yes or No: Sheela sa che i ragazzi portano giocattolo il
A: No

Q: Is this sentence grammatical? Yes or No: Leela afferma che gli insegnanti salgono la scala
A: Yes

Q: Is this sentence grammatical? Yes or No: Harry osserva che il cane porta bottiglia la
A: No

Q: Is this sentence grammatical? Yes or No: Sheela dice che l'autore legge un libro
A: ",Sheela dice che l'autore legge un libro,Yes,Yes,,0
157,ita-r-2-subordinate,"We will give you examples of Italian sentences that follow or violate the rules of a shared grammar, along with labels 'Yes' or 'No'. You will then generate a label, 'Yes' or 'No', for a new unlabeled sentence that may follow or violate the same grammar rules.

Q: Is this sentence grammatical? Yes or No: Leela vede che gli insegnanti portano giornale il
A: No

Q: Is this sentence grammatical? Yes or No: Gomu dice che il cane tiene giocattolo il
A: No

Q: Is this sentence grammatical? Yes or No: Gomu osserva che il cane porta bottiglia la
A: No

Q: Is this sentence grammatical? Yes or No: Sheela dice che i cani tengono pesce il
A: No

Q: Is this sentence grammatical? Yes or No: Leela afferma che i cani mangiano pesce il
A: No

Q: Is this sentence grammatical? Yes or No: Tom dice che un' uomo tiene bottiglia una
A: No

Q: Is this sentence grammatical? Yes or No: Maria osserva che un' uomo porta un cappello
A: Yes

Q: Is this sentence grammatical? Yes or No: Sheela sa che i ragazzi portano il giocattolo
A: Yes

Q: Is this sentence grammatical? Yes or No: Leela afferma che gli insegnanti salgono la scala
A: Yes

Q: Is this sentence grammatical? Yes or No: Harry osserva che il cane porta bottiglia la
A: No

Q: Is this sentence grammatical? Yes or No: Leela vede che l'uomo mangia il biscotto
A: ",Leela vede che l'uomo mangia il biscotto,Yes,Yes,,0
158,ita-r-2-subordinate,"We will give you examples of Italian sentences that follow or violate the rules of a shared grammar, along with labels 'Yes' or 'No'. You will then generate a label, 'Yes' or 'No', for a new unlabeled sentence that may follow or violate the same grammar rules.

Q: Is this sentence grammatical? Yes or No: Leela vede che gli insegnanti portano giornale il
A: No

Q: Is this sentence grammatical? Yes or No: Gomu dice che il cane tiene il giocattolo
A: Yes

Q: Is this sentence grammatical? Yes or No: Gomu osserva che il cane porta la bottiglia
A: Yes

Q: Is this sentence grammatical? Yes or No: Sheela dice che i cani tengono pesce il
A: No

Q: Is this sentence grammatical? Yes or No: Leela afferma che i cani mangiano pesce il
A: No

Q: Is this sentence grammatical? Yes or No: Tom dice che un' uomo tiene bottiglia una
A: No

Q: Is this sentence grammatical? Yes or No: Maria osserva che un' uomo porta un cappello
A: Yes

Q: Is this sentence grammatical? Yes or No: Sheela sa che i ragazzi portano il giocattolo
A: Yes

Q: Is this sentence grammatical? Yes or No: Leela afferma che gli insegnanti salgono la scala
A: Yes

Q: Is this sentence grammatical? Yes or No: Harry osserva che il cane porta la bottiglia
A: Yes

Q: Is this sentence grammatical? Yes or No: Gomu osserva che i cani portano la bottiglia
A: ",Gomu osserva che i cani portano la bottiglia,Yes,Yes,,0
159,ita-r-2-subordinate,"We will give you examples of Italian sentences that follow or violate the rules of a shared grammar, along with labels 'Yes' or 'No'. You will then generate a label, 'Yes' or 'No', for a new unlabeled sentence that may follow or violate the same grammar rules.

Q: Is this sentence grammatical? Yes or No: Leela vede che gli insegnanti portano il giornale
A: Yes

Q: Is this sentence grammatical? Yes or No: Gomu dice che il cane tiene il giocattolo
A: Yes

Q: Is this sentence grammatical? Yes or No: Gomu osserva che il cane porta la bottiglia
A: Yes

Q: Is this sentence grammatical? Yes or No: Sheela dice che i cani tengono il pesce
A: Yes

Q: Is this sentence grammatical? Yes or No: Leela afferma che i cani mangiano il pesce
A: Yes

Q: Is this sentence grammatical? Yes or No: Tom dice che un' uomo tiene bottiglia una
A: No

Q: Is this sentence grammatical? Yes or No: Maria osserva che un' uomo porta cappello un
A: No

Q: Is this sentence grammatical? Yes or No: Sheela sa che i ragazzi portano il giocattolo
A: Yes

Q: Is this sentence grammatical? Yes or No: Leela afferma che gli insegnanti salgono la scala
A: Yes

Q: Is this sentence grammatical? Yes or No: Harry osserva che il cane porta bottiglia la
A: No

Q: Is this sentence grammatical? Yes or No: Harry afferma che i ragazzi leggono libro il
A: ",Harry afferma che i ragazzi leggono libro il,No,No,,0
160,ita-r-2-subordinate,"We will give you examples of Italian sentences that follow or violate the rules of a shared grammar, along with labels 'Yes' or 'No'. You will then generate a label, 'Yes' or 'No', for a new unlabeled sentence that may follow or violate the same grammar rules.

Q: Is this sentence grammatical? Yes or No: Leela vede che gli insegnanti portano il giornale
A: Yes

Q: Is this sentence grammatical? Yes or No: Gomu dice che il cane tiene giocattolo il
A: No

Q: Is this sentence grammatical? Yes or No: Gomu osserva che il cane porta la bottiglia
A: Yes

Q: Is this sentence grammatical? Yes or No: Sheela dice che i cani tengono il pesce
A: Yes

Q: Is this sentence grammatical? Yes or No: Leela afferma che i cani mangiano il pesce
A: Yes

Q: Is this sentence grammatical? Yes or No: Tom dice che un' uomo tiene una bottiglia
A: Yes

Q: Is this sentence grammatical? Yes or No: Maria osserva che un' uomo porta un cappello
A: Yes

Q: Is this sentence grammatical? Yes or No: Sheela sa che i ragazzi portano il giocattolo
A: Yes

Q: Is this sentence grammatical? Yes or No: Leela afferma che gli insegnanti salgono scala la
A: No

Q: Is this sentence grammatical? Yes or No: Harry osserva che il cane porta la bottiglia
A: Yes

Q: Is this sentence grammatical? Yes or No: Tom osserva che le ragazze portano il cappello
A: ",Tom osserva che le ragazze portano il cappello,Yes,Yes,,0
161,ita-r-2-subordinate,"We will give you examples of Italian sentences that follow or violate the rules of a shared grammar, along with labels 'Yes' or 'No'. You will then generate a label, 'Yes' or 'No', for a new unlabeled sentence that may follow or violate the same grammar rules.

Q: Is this sentence grammatical? Yes or No: Leela vede che gli insegnanti portano il giornale
A: Yes

Q: Is this sentence grammatical? Yes or No: Gomu dice che il cane tiene giocattolo il
A: No

Q: Is this sentence grammatical? Yes or No: Gomu osserva che il cane porta la bottiglia
A: Yes

Q: Is this sentence grammatical? Yes or No: Sheela dice che i cani tengono pesce il
A: No

Q: Is this sentence grammatical? Yes or No: Leela afferma che i cani mangiano il pesce
A: Yes

Q: Is this sentence grammatical? Yes or No: Tom dice che un' uomo tiene bottiglia una
A: No

Q: Is this sentence grammatical? Yes or No: Maria osserva che un' uomo porta un cappello
A: Yes

Q: Is this sentence grammatical? Yes or No: Sheela sa che i ragazzi portano il giocattolo
A: Yes

Q: Is this sentence grammatical? Yes or No: Leela afferma che gli insegnanti salgono la scala
A: Yes

Q: Is this sentence grammatical? Yes or No: Harry osserva che il cane porta la bottiglia
A: Yes

Q: Is this sentence grammatical? Yes or No: Harry sa che gli autori leggono il poema
A: ",Harry sa che gli autori leggono il poema,Yes,Yes,,0
162,ita-r-2-subordinate,"We will give you examples of Italian sentences that follow or violate the rules of a shared grammar, along with labels 'Yes' or 'No'. You will then generate a label, 'Yes' or 'No', for a new unlabeled sentence that may follow or violate the same grammar rules.

Q: Is this sentence grammatical? Yes or No: Leela vede che gli insegnanti portano giornale il
A: No

Q: Is this sentence grammatical? Yes or No: Gomu dice che il cane tiene il giocattolo
A: Yes

Q: Is this sentence grammatical? Yes or No: Gomu osserva che il cane porta la bottiglia
A: Yes

Q: Is this sentence grammatical? Yes or No: Sheela dice che i cani tengono pesce il
A: No

Q: Is this sentence grammatical? Yes or No: Leela afferma che i cani mangiano pesce il
A: No

Q: Is this sentence grammatical? Yes or No: Tom dice che un' uomo tiene bottiglia una
A: No

Q: Is this sentence grammatical? Yes or No: Maria osserva che un' uomo porta cappello un
A: No

Q: Is this sentence grammatical? Yes or No: Sheela sa che i ragazzi portano giocattolo il
A: No

Q: Is this sentence grammatical? Yes or No: Leela afferma che gli insegnanti salgono scala la
A: No

Q: Is this sentence grammatical? Yes or No: Harry osserva che il cane porta bottiglia la
A: No

Q: Is this sentence grammatical? Yes or No: Maria afferma che i ragazzi salgono tetto il
A: ",Maria afferma che i ragazzi salgono tetto il,No,No,,0
163,ita-r-2-subordinate,"We will give you examples of Italian sentences that follow or violate the rules of a shared grammar, along with labels 'Yes' or 'No'. You will then generate a label, 'Yes' or 'No', for a new unlabeled sentence that may follow or violate the same grammar rules.

Q: Is this sentence grammatical? Yes or No: Leela vede che gli insegnanti portano giornale il
A: No

Q: Is this sentence grammatical? Yes or No: Gomu dice che il cane tiene il giocattolo
A: Yes

Q: Is this sentence grammatical? Yes or No: Gomu osserva che il cane porta la bottiglia
A: Yes

Q: Is this sentence grammatical? Yes or No: Sheela dice che i cani tengono il pesce
A: Yes

Q: Is this sentence grammatical? Yes or No: Leela afferma che i cani mangiano pesce il
A: No

Q: Is this sentence grammatical? Yes or No: Tom dice che un' uomo tiene bottiglia una
A: No

Q: Is this sentence grammatical? Yes or No: Maria osserva che un' uomo porta cappello un
A: No

Q: Is this sentence grammatical? Yes or No: Sheela sa che i ragazzi portano giocattolo il
A: No

Q: Is this sentence grammatical? Yes or No: Leela afferma che gli insegnanti salgono la scala
A: Yes

Q: Is this sentence grammatical? Yes or No: Harry osserva che il cane porta la bottiglia
A: Yes

Q: Is this sentence grammatical? Yes or No: Gomu dice che una donna prende lampadina una
A: ",Gomu dice che una donna prende lampadina una,No,No,,0
164,ita-r-2-subordinate,"We will give you examples of Italian sentences that follow or violate the rules of a shared grammar, along with labels 'Yes' or 'No'. You will then generate a label, 'Yes' or 'No', for a new unlabeled sentence that may follow or violate the same grammar rules.

Q: Is this sentence grammatical? Yes or No: Leela vede che gli insegnanti portano giornale il
A: No

Q: Is this sentence grammatical? Yes or No: Gomu dice che il cane tiene il giocattolo
A: Yes

Q: Is this sentence grammatical? Yes or No: Gomu osserva che il cane porta la bottiglia
A: Yes

Q: Is this sentence grammatical? Yes or No: Sheela dice che i cani tengono il pesce
A: Yes

Q: Is this sentence grammatical? Yes or No: Leela afferma che i cani mangiano pesce il
A: No

Q: Is this sentence grammatical? Yes or No: Tom dice che un' uomo tiene bottiglia una
A: No

Q: Is this sentence grammatical? Yes or No: Maria osserva che un' uomo porta cappello un
A: No

Q: Is this sentence grammatical? Yes or No: Sheela sa che i ragazzi portano giocattolo il
A: No

Q: Is this sentence grammatical? Yes or No: Leela afferma che gli insegnanti salgono scala la
A: No

Q: Is this sentence grammatical? Yes or No: Harry osserva che il cane porta la bottiglia
A: Yes

Q: Is this sentence grammatical? Yes or No: Gomu osserva che le ragazze prendono il giornale
A: ",Gomu osserva che le ragazze prendono il giornale,Yes,Yes,,0
165,ita-r-2-subordinate,"We will give you examples of Italian sentences that follow or violate the rules of a shared grammar, along with labels 'Yes' or 'No'. You will then generate a label, 'Yes' or 'No', for a new unlabeled sentence that may follow or violate the same grammar rules.

Q: Is this sentence grammatical? Yes or No: Leela vede che gli insegnanti portano giornale il
A: No

Q: Is this sentence grammatical? Yes or No: Gomu dice che il cane tiene il giocattolo
A: Yes

Q: Is this sentence grammatical? Yes or No: Gomu osserva che il cane porta la bottiglia
A: Yes

Q: Is this sentence grammatical? Yes or No: Sheela dice che i cani tengono pesce il
A: No

Q: Is this sentence grammatical? Yes or No: Leela afferma che i cani mangiano il pesce
A: Yes

Q: Is this sentence grammatical? Yes or No: Tom dice che un' uomo tiene bottiglia una
A: No

Q: Is this sentence grammatical? Yes or No: Maria osserva che un' uomo porta cappello un
A: No

Q: Is this sentence grammatical? Yes or No: Sheela sa che i ragazzi portano il giocattolo
A: Yes

Q: Is this sentence grammatical? Yes or No: Leela afferma che gli insegnanti salgono scala la
A: No

Q: Is this sentence grammatical? Yes or No: Harry osserva che il cane porta la bottiglia
A: Yes

Q: Is this sentence grammatical? Yes or No: Leela dice che i ragazzi mangiano cetriolo il
A: ",Leela dice che i ragazzi mangiano cetriolo il,No,No,,0
166,ita-r-2-subordinate,"We will give you examples of Italian sentences that follow or violate the rules of a shared grammar, along with labels 'Yes' or 'No'. You will then generate a label, 'Yes' or 'No', for a new unlabeled sentence that may follow or violate the same grammar rules.

Q: Is this sentence grammatical? Yes or No: Leela vede che gli insegnanti portano il giornale
A: Yes

Q: Is this sentence grammatical? Yes or No: Gomu dice che il cane tiene il giocattolo
A: Yes

Q: Is this sentence grammatical? Yes or No: Gomu osserva che il cane porta bottiglia la
A: No

Q: Is this sentence grammatical? Yes or No: Sheela dice che i cani tengono il pesce
A: Yes

Q: Is this sentence grammatical? Yes or No: Leela afferma che i cani mangiano il pesce
A: Yes

Q: Is this sentence grammatical? Yes or No: Tom dice che un' uomo tiene bottiglia una
A: No

Q: Is this sentence grammatical? Yes or No: Maria osserva che un' uomo porta cappello un
A: No

Q: Is this sentence grammatical? Yes or No: Sheela sa che i ragazzi portano il giocattolo
A: Yes

Q: Is this sentence grammatical? Yes or No: Leela afferma che gli insegnanti salgono scala la
A: No

Q: Is this sentence grammatical? Yes or No: Harry osserva che il cane porta la bottiglia
A: Yes

Q: Is this sentence grammatical? Yes or No: Maria osserva che il gatto porta una bottiglia
A: ",Maria osserva che il gatto porta una bottiglia,Yes,Yes,,0
167,ita-r-2-subordinate,"We will give you examples of Italian sentences that follow or violate the rules of a shared grammar, along with labels 'Yes' or 'No'. You will then generate a label, 'Yes' or 'No', for a new unlabeled sentence that may follow or violate the same grammar rules.

Q: Is this sentence grammatical? Yes or No: Leela vede che gli insegnanti portano giornale il
A: No

Q: Is this sentence grammatical? Yes or No: Gomu dice che il cane tiene giocattolo il
A: No

Q: Is this sentence grammatical? Yes or No: Gomu osserva che il cane porta la bottiglia
A: Yes

Q: Is this sentence grammatical? Yes or No: Sheela dice che i cani tengono il pesce
A: Yes

Q: Is this sentence grammatical? Yes or No: Leela afferma che i cani mangiano pesce il
A: No

Q: Is this sentence grammatical? Yes or No: Tom dice che un' uomo tiene bottiglia una
A: No

Q: Is this sentence grammatical? Yes or No: Maria osserva che un' uomo porta un cappello
A: Yes

Q: Is this sentence grammatical? Yes or No: Sheela sa che i ragazzi portano il giocattolo
A: Yes

Q: Is this sentence grammatical? Yes or No: Leela afferma che gli insegnanti salgono la scala
A: Yes

Q: Is this sentence grammatical? Yes or No: Harry osserva che il cane porta bottiglia la
A: No

Q: Is this sentence grammatical? Yes or No: Maria vede che le donne prendono la bottiglia
A: ",Maria vede che le donne prendono la bottiglia,Yes,Yes,,0
168,ita-r-2-subordinate,"We will give you examples of Italian sentences that follow or violate the rules of a shared grammar, along with labels 'Yes' or 'No'. You will then generate a label, 'Yes' or 'No', for a new unlabeled sentence that may follow or violate the same grammar rules.

Q: Is this sentence grammatical? Yes or No: Leela vede che gli insegnanti portano giornale il
A: No

Q: Is this sentence grammatical? Yes or No: Gomu dice che il cane tiene giocattolo il
A: No

Q: Is this sentence grammatical? Yes or No: Gomu osserva che il cane porta bottiglia la
A: No

Q: Is this sentence grammatical? Yes or No: Sheela dice che i cani tengono il pesce
A: Yes

Q: Is this sentence grammatical? Yes or No: Leela afferma che i cani mangiano il pesce
A: Yes

Q: Is this sentence grammatical? Yes or No: Tom dice che un' uomo tiene bottiglia una
A: No

Q: Is this sentence grammatical? Yes or No: Maria osserva che un' uomo porta cappello un
A: No

Q: Is this sentence grammatical? Yes or No: Sheela sa che i ragazzi portano il giocattolo
A: Yes

Q: Is this sentence grammatical? Yes or No: Leela afferma che gli insegnanti salgono la scala
A: Yes

Q: Is this sentence grammatical? Yes or No: Harry osserva che il cane porta bottiglia la
A: No

Q: Is this sentence grammatical? Yes or No: Maria sa che gli scrittori leggono il libro
A: ",Maria sa che gli scrittori leggono il libro,Yes,Yes,,0
169,ita-r-2-subordinate,"We will give you examples of Italian sentences that follow or violate the rules of a shared grammar, along with labels 'Yes' or 'No'. You will then generate a label, 'Yes' or 'No', for a new unlabeled sentence that may follow or violate the same grammar rules.

Q: Is this sentence grammatical? Yes or No: Leela vede che gli insegnanti portano il giornale
A: Yes

Q: Is this sentence grammatical? Yes or No: Gomu dice che il cane tiene il giocattolo
A: Yes

Q: Is this sentence grammatical? Yes or No: Gomu osserva che il cane porta la bottiglia
A: Yes

Q: Is this sentence grammatical? Yes or No: Sheela dice che i cani tengono pesce il
A: No

Q: Is this sentence grammatical? Yes or No: Leela afferma che i cani mangiano il pesce
A: Yes

Q: Is this sentence grammatical? Yes or No: Tom dice che un' uomo tiene una bottiglia
A: Yes

Q: Is this sentence grammatical? Yes or No: Maria osserva che un' uomo porta cappello un
A: No

Q: Is this sentence grammatical? Yes or No: Sheela sa che i ragazzi portano giocattolo il
A: No

Q: Is this sentence grammatical? Yes or No: Leela afferma che gli insegnanti salgono scala la
A: No

Q: Is this sentence grammatical? Yes or No: Harry osserva che il cane porta la bottiglia
A: Yes

Q: Is this sentence grammatical? Yes or No: Harry dice che le ragazze leggono il capitolo
A: ",Harry dice che le ragazze leggono il capitolo,No,Yes,,0
170,ita-r-2-subordinate,"We will give you examples of Italian sentences that follow or violate the rules of a shared grammar, along with labels 'Yes' or 'No'. You will then generate a label, 'Yes' or 'No', for a new unlabeled sentence that may follow or violate the same grammar rules.

Q: Is this sentence grammatical? Yes or No: Leela vede che gli insegnanti portano giornale il
A: No

Q: Is this sentence grammatical? Yes or No: Gomu dice che il cane tiene il giocattolo
A: Yes

Q: Is this sentence grammatical? Yes or No: Gomu osserva che il cane porta la bottiglia
A: Yes

Q: Is this sentence grammatical? Yes or No: Sheela dice che i cani tengono pesce il
A: No

Q: Is this sentence grammatical? Yes or No: Leela afferma che i cani mangiano il pesce
A: Yes

Q: Is this sentence grammatical? Yes or No: Tom dice che un' uomo tiene una bottiglia
A: Yes

Q: Is this sentence grammatical? Yes or No: Maria osserva che un' uomo porta cappello un
A: No

Q: Is this sentence grammatical? Yes or No: Sheela sa che i ragazzi portano giocattolo il
A: No

Q: Is this sentence grammatical? Yes or No: Leela afferma che gli insegnanti salgono scala la
A: No

Q: Is this sentence grammatical? Yes or No: Harry osserva che il cane porta la bottiglia
A: Yes

Q: Is this sentence grammatical? Yes or No: Leela osserva che un cane prende un giornale
A: ",Leela osserva che un cane prende un giornale,Yes,Yes,,0
171,ita-r-2-subordinate,"We will give you examples of Italian sentences that follow or violate the rules of a shared grammar, along with labels 'Yes' or 'No'. You will then generate a label, 'Yes' or 'No', for a new unlabeled sentence that may follow or violate the same grammar rules.

Q: Is this sentence grammatical? Yes or No: Leela vede che gli insegnanti portano il giornale
A: Yes

Q: Is this sentence grammatical? Yes or No: Gomu dice che il cane tiene il giocattolo
A: Yes

Q: Is this sentence grammatical? Yes or No: Gomu osserva che il cane porta la bottiglia
A: Yes

Q: Is this sentence grammatical? Yes or No: Sheela dice che i cani tengono il pesce
A: Yes

Q: Is this sentence grammatical? Yes or No: Leela afferma che i cani mangiano pesce il
A: No

Q: Is this sentence grammatical? Yes or No: Tom dice che un' uomo tiene bottiglia una
A: No

Q: Is this sentence grammatical? Yes or No: Maria osserva che un' uomo porta cappello un
A: No

Q: Is this sentence grammatical? Yes or No: Sheela sa che i ragazzi portano il giocattolo
A: Yes

Q: Is this sentence grammatical? Yes or No: Leela afferma che gli insegnanti salgono la scala
A: Yes

Q: Is this sentence grammatical? Yes or No: Harry osserva che il cane porta bottiglia la
A: No

Q: Is this sentence grammatical? Yes or No: Tom vede che l'uomo prende topo un
A: ",Tom vede che l'uomo prende topo un,No,No,,0
172,ita-r-2-subordinate,"We will give you examples of Italian sentences that follow or violate the rules of a shared grammar, along with labels 'Yes' or 'No'. You will then generate a label, 'Yes' or 'No', for a new unlabeled sentence that may follow or violate the same grammar rules.

Q: Is this sentence grammatical? Yes or No: Leela vede che gli insegnanti portano giornale il
A: No

Q: Is this sentence grammatical? Yes or No: Gomu dice che il cane tiene giocattolo il
A: No

Q: Is this sentence grammatical? Yes or No: Gomu osserva che il cane porta bottiglia la
A: No

Q: Is this sentence grammatical? Yes or No: Sheela dice che i cani tengono pesce il
A: No

Q: Is this sentence grammatical? Yes or No: Leela afferma che i cani mangiano il pesce
A: Yes

Q: Is this sentence grammatical? Yes or No: Tom dice che un' uomo tiene una bottiglia
A: Yes

Q: Is this sentence grammatical? Yes or No: Maria osserva che un' uomo porta cappello un
A: No

Q: Is this sentence grammatical? Yes or No: Sheela sa che i ragazzi portano giocattolo il
A: No

Q: Is this sentence grammatical? Yes or No: Leela afferma che gli insegnanti salgono la scala
A: Yes

Q: Is this sentence grammatical? Yes or No: Harry osserva che il cane porta bottiglia la
A: No

Q: Is this sentence grammatical? Yes or No: John vede che un cane prende topo il
A: ",John vede che un cane prende topo il,No,No,,0
173,ita-r-2-subordinate,"We will give you examples of Italian sentences that follow or violate the rules of a shared grammar, along with labels 'Yes' or 'No'. You will then generate a label, 'Yes' or 'No', for a new unlabeled sentence that may follow or violate the same grammar rules.

Q: Is this sentence grammatical? Yes or No: Leela vede che gli insegnanti portano giornale il
A: No

Q: Is this sentence grammatical? Yes or No: Gomu dice che il cane tiene il giocattolo
A: Yes

Q: Is this sentence grammatical? Yes or No: Gomu osserva che il cane porta bottiglia la
A: No

Q: Is this sentence grammatical? Yes or No: Sheela dice che i cani tengono il pesce
A: Yes

Q: Is this sentence grammatical? Yes or No: Leela afferma che i cani mangiano il pesce
A: Yes

Q: Is this sentence grammatical? Yes or No: Tom dice che un' uomo tiene bottiglia una
A: No

Q: Is this sentence grammatical? Yes or No: Maria osserva che un' uomo porta un cappello
A: Yes

Q: Is this sentence grammatical? Yes or No: Sheela sa che i ragazzi portano il giocattolo
A: Yes

Q: Is this sentence grammatical? Yes or No: Leela afferma che gli insegnanti salgono scala la
A: No

Q: Is this sentence grammatical? Yes or No: Harry osserva che il cane porta la bottiglia
A: Yes

Q: Is this sentence grammatical? Yes or No: Tom afferma che gli uomini mangiano la pera
A: ",Tom afferma che gli uomini mangiano la pera,Yes,Yes,,0
174,ita-r-2-subordinate,"We will give you examples of Italian sentences that follow or violate the rules of a shared grammar, along with labels 'Yes' or 'No'. You will then generate a label, 'Yes' or 'No', for a new unlabeled sentence that may follow or violate the same grammar rules.

Q: Is this sentence grammatical? Yes or No: Leela vede che gli insegnanti portano giornale il
A: No

Q: Is this sentence grammatical? Yes or No: Gomu dice che il cane tiene giocattolo il
A: No

Q: Is this sentence grammatical? Yes or No: Gomu osserva che il cane porta bottiglia la
A: No

Q: Is this sentence grammatical? Yes or No: Sheela dice che i cani tengono pesce il
A: No

Q: Is this sentence grammatical? Yes or No: Leela afferma che i cani mangiano il pesce
A: Yes

Q: Is this sentence grammatical? Yes or No: Tom dice che un' uomo tiene una bottiglia
A: Yes

Q: Is this sentence grammatical? Yes or No: Maria osserva che un' uomo porta cappello un
A: No

Q: Is this sentence grammatical? Yes or No: Sheela sa che i ragazzi portano giocattolo il
A: No

Q: Is this sentence grammatical? Yes or No: Leela afferma che gli insegnanti salgono scala la
A: No

Q: Is this sentence grammatical? Yes or No: Harry osserva che il cane porta la bottiglia
A: Yes

Q: Is this sentence grammatical? Yes or No: Harry afferma che gli uomini portano il gesso
A: ",Harry afferma che gli uomini portano il gesso,No,Yes,,0
175,ita-r-2-subordinate,"We will give you examples of Italian sentences that follow or violate the rules of a shared grammar, along with labels 'Yes' or 'No'. You will then generate a label, 'Yes' or 'No', for a new unlabeled sentence that may follow or violate the same grammar rules.

Q: Is this sentence grammatical? Yes or No: Leela vede che gli insegnanti portano il giornale
A: Yes

Q: Is this sentence grammatical? Yes or No: Gomu dice che il cane tiene il giocattolo
A: Yes

Q: Is this sentence grammatical? Yes or No: Gomu osserva che il cane porta bottiglia la
A: No

Q: Is this sentence grammatical? Yes or No: Sheela dice che i cani tengono pesce il
A: No

Q: Is this sentence grammatical? Yes or No: Leela afferma che i cani mangiano il pesce
A: Yes

Q: Is this sentence grammatical? Yes or No: Tom dice che un' uomo tiene una bottiglia
A: Yes

Q: Is this sentence grammatical? Yes or No: Maria osserva che un' uomo porta un cappello
A: Yes

Q: Is this sentence grammatical? Yes or No: Sheela sa che i ragazzi portano il giocattolo
A: Yes

Q: Is this sentence grammatical? Yes or No: Leela afferma che gli insegnanti salgono la scala
A: Yes

Q: Is this sentence grammatical? Yes or No: Harry osserva che il cane porta la bottiglia
A: Yes

Q: Is this sentence grammatical? Yes or No: Maria dice che una ragazza prende gesso il
A: ",Maria dice che una ragazza prende gesso il,No,No,,0
176,ita-r-2-subordinate,"We will give you examples of Italian sentences that follow or violate the rules of a shared grammar, along with labels 'Yes' or 'No'. You will then generate a label, 'Yes' or 'No', for a new unlabeled sentence that may follow or violate the same grammar rules.

Q: Is this sentence grammatical? Yes or No: Leela vede che gli insegnanti portano giornale il
A: No

Q: Is this sentence grammatical? Yes or No: Gomu dice che il cane tiene il giocattolo
A: Yes

Q: Is this sentence grammatical? Yes or No: Gomu osserva che il cane porta bottiglia la
A: No

Q: Is this sentence grammatical? Yes or No: Sheela dice che i cani tengono pesce il
A: No

Q: Is this sentence grammatical? Yes or No: Leela afferma che i cani mangiano il pesce
A: Yes

Q: Is this sentence grammatical? Yes or No: Tom dice che un' uomo tiene bottiglia una
A: No

Q: Is this sentence grammatical? Yes or No: Maria osserva che un' uomo porta cappello un
A: No

Q: Is this sentence grammatical? Yes or No: Sheela sa che i ragazzi portano giocattolo il
A: No

Q: Is this sentence grammatical? Yes or No: Leela afferma che gli insegnanti salgono scala la
A: No

Q: Is this sentence grammatical? Yes or No: Harry osserva che il cane porta la bottiglia
A: Yes

Q: Is this sentence grammatical? Yes or No: Sheela osserva che un' insegnante tiene giornale il
A: ",Sheela osserva che un' insegnante tiene giornale il,No,No,,0
177,ita-r-2-subordinate,"We will give you examples of Italian sentences that follow or violate the rules of a shared grammar, along with labels 'Yes' or 'No'. You will then generate a label, 'Yes' or 'No', for a new unlabeled sentence that may follow or violate the same grammar rules.

Q: Is this sentence grammatical? Yes or No: Leela vede che gli insegnanti portano il giornale
A: Yes

Q: Is this sentence grammatical? Yes or No: Gomu dice che il cane tiene il giocattolo
A: Yes

Q: Is this sentence grammatical? Yes or No: Gomu osserva che il cane porta bottiglia la
A: No

Q: Is this sentence grammatical? Yes or No: Sheela dice che i cani tengono pesce il
A: No

Q: Is this sentence grammatical? Yes or No: Leela afferma che i cani mangiano il pesce
A: Yes

Q: Is this sentence grammatical? Yes or No: Tom dice che un' uomo tiene una bottiglia
A: Yes

Q: Is this sentence grammatical? Yes or No: Maria osserva che un' uomo porta cappello un
A: No

Q: Is this sentence grammatical? Yes or No: Sheela sa che i ragazzi portano il giocattolo
A: Yes

Q: Is this sentence grammatical? Yes or No: Leela afferma che gli insegnanti salgono scala la
A: No

Q: Is this sentence grammatical? Yes or No: Harry osserva che il cane porta bottiglia la
A: No

Q: Is this sentence grammatical? Yes or No: Sheela vede che un' uomo mangia una pizza
A: ",Sheela vede che un' uomo mangia una pizza,Yes,Yes,,0
178,ita-r-2-subordinate,"We will give you examples of Italian sentences that follow or violate the rules of a shared grammar, along with labels 'Yes' or 'No'. You will then generate a label, 'Yes' or 'No', for a new unlabeled sentence that may follow or violate the same grammar rules.

Q: Is this sentence grammatical? Yes or No: Leela vede che gli insegnanti portano il giornale
A: Yes

Q: Is this sentence grammatical? Yes or No: Gomu dice che il cane tiene giocattolo il
A: No

Q: Is this sentence grammatical? Yes or No: Gomu osserva che il cane porta bottiglia la
A: No

Q: Is this sentence grammatical? Yes or No: Sheela dice che i cani tengono pesce il
A: No

Q: Is this sentence grammatical? Yes or No: Leela afferma che i cani mangiano pesce il
A: No

Q: Is this sentence grammatical? Yes or No: Tom dice che un' uomo tiene bottiglia una
A: No

Q: Is this sentence grammatical? Yes or No: Maria osserva che un' uomo porta cappello un
A: No

Q: Is this sentence grammatical? Yes or No: Sheela sa che i ragazzi portano il giocattolo
A: Yes

Q: Is this sentence grammatical? Yes or No: Leela afferma che gli insegnanti salgono scala la
A: No

Q: Is this sentence grammatical? Yes or No: Harry osserva che il cane porta bottiglia la
A: No

Q: Is this sentence grammatical? Yes or No: Leela osserva che gli uomini portano giornale il
A: ",Leela osserva che gli uomini portano giornale il,No,No,,0
179,ita-r-2-subordinate,"We will give you examples of Italian sentences that follow or violate the rules of a shared grammar, along with labels 'Yes' or 'No'. You will then generate a label, 'Yes' or 'No', for a new unlabeled sentence that may follow or violate the same grammar rules.

Q: Is this sentence grammatical? Yes or No: Leela vede che gli insegnanti portano il giornale
A: Yes

Q: Is this sentence grammatical? Yes or No: Gomu dice che il cane tiene il giocattolo
A: Yes

Q: Is this sentence grammatical? Yes or No: Gomu osserva che il cane porta bottiglia la
A: No

Q: Is this sentence grammatical? Yes or No: Sheela dice che i cani tengono pesce il
A: No

Q: Is this sentence grammatical? Yes or No: Leela afferma che i cani mangiano pesce il
A: No

Q: Is this sentence grammatical? Yes or No: Tom dice che un' uomo tiene bottiglia una
A: No

Q: Is this sentence grammatical? Yes or No: Maria osserva che un' uomo porta un cappello
A: Yes

Q: Is this sentence grammatical? Yes or No: Sheela sa che i ragazzi portano giocattolo il
A: No

Q: Is this sentence grammatical? Yes or No: Leela afferma che gli insegnanti salgono la scala
A: Yes

Q: Is this sentence grammatical? Yes or No: Harry osserva che il cane porta la bottiglia
A: Yes

Q: Is this sentence grammatical? Yes or No: Sheela osserva che la ragazza tiene giocattolo un
A: ",Sheela osserva che la ragazza tiene giocattolo un,No,No,,0
180,ita-r-2-subordinate,"We will give you examples of Italian sentences that follow or violate the rules of a shared grammar, along with labels 'Yes' or 'No'. You will then generate a label, 'Yes' or 'No', for a new unlabeled sentence that may follow or violate the same grammar rules.

Q: Is this sentence grammatical? Yes or No: Leela vede che gli insegnanti portano il giornale
A: Yes

Q: Is this sentence grammatical? Yes or No: Gomu dice che il cane tiene giocattolo il
A: No

Q: Is this sentence grammatical? Yes or No: Gomu osserva che il cane porta bottiglia la
A: No

Q: Is this sentence grammatical? Yes or No: Sheela dice che i cani tengono il pesce
A: Yes

Q: Is this sentence grammatical? Yes or No: Leela afferma che i cani mangiano il pesce
A: Yes

Q: Is this sentence grammatical? Yes or No: Tom dice che un' uomo tiene una bottiglia
A: Yes

Q: Is this sentence grammatical? Yes or No: Maria osserva che un' uomo porta cappello un
A: No

Q: Is this sentence grammatical? Yes or No: Sheela sa che i ragazzi portano giocattolo il
A: No

Q: Is this sentence grammatical? Yes or No: Leela afferma che gli insegnanti salgono la scala
A: Yes

Q: Is this sentence grammatical? Yes or No: Harry osserva che il cane porta la bottiglia
A: Yes

Q: Is this sentence grammatical? Yes or No: Harry vede che gli uomini tengono cappello il
A: ",Harry vede che gli uomini tengono cappello il,No,No,,0
181,ita-r-2-subordinate,"We will give you examples of Italian sentences that follow or violate the rules of a shared grammar, along with labels 'Yes' or 'No'. You will then generate a label, 'Yes' or 'No', for a new unlabeled sentence that may follow or violate the same grammar rules.

Q: Is this sentence grammatical? Yes or No: Leela vede che gli insegnanti portano il giornale
A: Yes

Q: Is this sentence grammatical? Yes or No: Gomu dice che il cane tiene il giocattolo
A: Yes

Q: Is this sentence grammatical? Yes or No: Gomu osserva che il cane porta la bottiglia
A: Yes

Q: Is this sentence grammatical? Yes or No: Sheela dice che i cani tengono il pesce
A: Yes

Q: Is this sentence grammatical? Yes or No: Leela afferma che i cani mangiano il pesce
A: Yes

Q: Is this sentence grammatical? Yes or No: Tom dice che un' uomo tiene bottiglia una
A: No

Q: Is this sentence grammatical? Yes or No: Maria osserva che un' uomo porta un cappello
A: Yes

Q: Is this sentence grammatical? Yes or No: Sheela sa che i ragazzi portano il giocattolo
A: Yes

Q: Is this sentence grammatical? Yes or No: Leela afferma che gli insegnanti salgono scala la
A: No

Q: Is this sentence grammatical? Yes or No: Harry osserva che il cane porta la bottiglia
A: Yes

Q: Is this sentence grammatical? Yes or No: Leela dice che la ragazza prende giocattolo il
A: ",Leela dice che la ragazza prende giocattolo il,No,No,,0
182,ita-r-2-subordinate,"We will give you examples of Italian sentences that follow or violate the rules of a shared grammar, along with labels 'Yes' or 'No'. You will then generate a label, 'Yes' or 'No', for a new unlabeled sentence that may follow or violate the same grammar rules.

Q: Is this sentence grammatical? Yes or No: Leela vede che gli insegnanti portano giornale il
A: No

Q: Is this sentence grammatical? Yes or No: Gomu dice che il cane tiene il giocattolo
A: Yes

Q: Is this sentence grammatical? Yes or No: Gomu osserva che il cane porta bottiglia la
A: No

Q: Is this sentence grammatical? Yes or No: Sheela dice che i cani tengono il pesce
A: Yes

Q: Is this sentence grammatical? Yes or No: Leela afferma che i cani mangiano pesce il
A: No

Q: Is this sentence grammatical? Yes or No: Tom dice che un' uomo tiene una bottiglia
A: Yes

Q: Is this sentence grammatical? Yes or No: Maria osserva che un' uomo porta un cappello
A: Yes

Q: Is this sentence grammatical? Yes or No: Sheela sa che i ragazzi portano giocattolo il
A: No

Q: Is this sentence grammatical? Yes or No: Leela afferma che gli insegnanti salgono la scala
A: Yes

Q: Is this sentence grammatical? Yes or No: Harry osserva che il cane porta bottiglia la
A: No

Q: Is this sentence grammatical? Yes or No: Sheela dice che gli insegnanti mangiano cetriolo il
A: ",Sheela dice che gli insegnanti mangiano cetriolo il,No,No,,0
183,ita-r-2-subordinate,"We will give you examples of Italian sentences that follow or violate the rules of a shared grammar, along with labels 'Yes' or 'No'. You will then generate a label, 'Yes' or 'No', for a new unlabeled sentence that may follow or violate the same grammar rules.

Q: Is this sentence grammatical? Yes or No: Leela vede che gli insegnanti portano giornale il
A: No

Q: Is this sentence grammatical? Yes or No: Gomu dice che il cane tiene il giocattolo
A: Yes

Q: Is this sentence grammatical? Yes or No: Gomu osserva che il cane porta bottiglia la
A: No

Q: Is this sentence grammatical? Yes or No: Sheela dice che i cani tengono il pesce
A: Yes

Q: Is this sentence grammatical? Yes or No: Leela afferma che i cani mangiano il pesce
A: Yes

Q: Is this sentence grammatical? Yes or No: Tom dice che un' uomo tiene bottiglia una
A: No

Q: Is this sentence grammatical? Yes or No: Maria osserva che un' uomo porta cappello un
A: No

Q: Is this sentence grammatical? Yes or No: Sheela sa che i ragazzi portano giocattolo il
A: No

Q: Is this sentence grammatical? Yes or No: Leela afferma che gli insegnanti salgono la scala
A: Yes

Q: Is this sentence grammatical? Yes or No: Harry osserva che il cane porta la bottiglia
A: Yes

Q: Is this sentence grammatical? Yes or No: Harry sa che la donna porta il giocattolo
A: ",Harry sa che la donna porta il giocattolo,No,Yes,,0
184,ita-r-2-subordinate,"We will give you examples of Italian sentences that follow or violate the rules of a shared grammar, along with labels 'Yes' or 'No'. You will then generate a label, 'Yes' or 'No', for a new unlabeled sentence that may follow or violate the same grammar rules.

Q: Is this sentence grammatical? Yes or No: Leela vede che gli insegnanti portano giornale il
A: No

Q: Is this sentence grammatical? Yes or No: Gomu dice che il cane tiene giocattolo il
A: No

Q: Is this sentence grammatical? Yes or No: Gomu osserva che il cane porta bottiglia la
A: No

Q: Is this sentence grammatical? Yes or No: Sheela dice che i cani tengono il pesce
A: Yes

Q: Is this sentence grammatical? Yes or No: Leela afferma che i cani mangiano pesce il
A: No

Q: Is this sentence grammatical? Yes or No: Tom dice che un' uomo tiene una bottiglia
A: Yes

Q: Is this sentence grammatical? Yes or No: Maria osserva che un' uomo porta un cappello
A: Yes

Q: Is this sentence grammatical? Yes or No: Sheela sa che i ragazzi portano giocattolo il
A: No

Q: Is this sentence grammatical? Yes or No: Leela afferma che gli insegnanti salgono scala la
A: No

Q: Is this sentence grammatical? Yes or No: Harry osserva che il cane porta bottiglia la
A: No

Q: Is this sentence grammatical? Yes or No: Leela dice che una donna porta pesce il
A: ",Leela dice che una donna porta pesce il,No,No,,0
185,ita-r-2-subordinate,"We will give you examples of Italian sentences that follow or violate the rules of a shared grammar, along with labels 'Yes' or 'No'. You will then generate a label, 'Yes' or 'No', for a new unlabeled sentence that may follow or violate the same grammar rules.

Q: Is this sentence grammatical? Yes or No: Leela vede che gli insegnanti portano il giornale
A: Yes

Q: Is this sentence grammatical? Yes or No: Gomu dice che il cane tiene giocattolo il
A: No

Q: Is this sentence grammatical? Yes or No: Gomu osserva che il cane porta bottiglia la
A: No

Q: Is this sentence grammatical? Yes or No: Sheela dice che i cani tengono il pesce
A: Yes

Q: Is this sentence grammatical? Yes or No: Leela afferma che i cani mangiano pesce il
A: No

Q: Is this sentence grammatical? Yes or No: Tom dice che un' uomo tiene una bottiglia
A: Yes

Q: Is this sentence grammatical? Yes or No: Maria osserva che un' uomo porta un cappello
A: Yes

Q: Is this sentence grammatical? Yes or No: Sheela sa che i ragazzi portano il giocattolo
A: Yes

Q: Is this sentence grammatical? Yes or No: Leela afferma che gli insegnanti salgono la scala
A: Yes

Q: Is this sentence grammatical? Yes or No: Harry osserva che il cane porta la bottiglia
A: Yes

Q: Is this sentence grammatical? Yes or No: Sheela sa che gli insegnanti portano tazza la
A: ",Sheela sa che gli insegnanti portano tazza la,No,No,,0
186,ita-r-2-subordinate,"We will give you examples of Italian sentences that follow or violate the rules of a shared grammar, along with labels 'Yes' or 'No'. You will then generate a label, 'Yes' or 'No', for a new unlabeled sentence that may follow or violate the same grammar rules.

Q: Is this sentence grammatical? Yes or No: Leela vede che gli insegnanti portano il giornale
A: Yes

Q: Is this sentence grammatical? Yes or No: Gomu dice che il cane tiene il giocattolo
A: Yes

Q: Is this sentence grammatical? Yes or No: Gomu osserva che il cane porta la bottiglia
A: Yes

Q: Is this sentence grammatical? Yes or No: Sheela dice che i cani tengono il pesce
A: Yes

Q: Is this sentence grammatical? Yes or No: Leela afferma che i cani mangiano pesce il
A: No

Q: Is this sentence grammatical? Yes or No: Tom dice che un' uomo tiene una bottiglia
A: Yes

Q: Is this sentence grammatical? Yes or No: Maria osserva che un' uomo porta un cappello
A: Yes

Q: Is this sentence grammatical? Yes or No: Sheela sa che i ragazzi portano giocattolo il
A: No

Q: Is this sentence grammatical? Yes or No: Leela afferma che gli insegnanti salgono la scala
A: Yes

Q: Is this sentence grammatical? Yes or No: Harry osserva che il cane porta la bottiglia
A: Yes

Q: Is this sentence grammatical? Yes or No: Leela osserva che il ragazzo scala un' albero
A: ",Leela osserva che il ragazzo scala un' albero,Yes,Yes,,0
187,ita-r-2-subordinate,"We will give you examples of Italian sentences that follow or violate the rules of a shared grammar, along with labels 'Yes' or 'No'. You will then generate a label, 'Yes' or 'No', for a new unlabeled sentence that may follow or violate the same grammar rules.

Q: Is this sentence grammatical? Yes or No: Leela vede che gli insegnanti portano giornale il
A: No

Q: Is this sentence grammatical? Yes or No: Gomu dice che il cane tiene giocattolo il
A: No

Q: Is this sentence grammatical? Yes or No: Gomu osserva che il cane porta bottiglia la
A: No

Q: Is this sentence grammatical? Yes or No: Sheela dice che i cani tengono pesce il
A: No

Q: Is this sentence grammatical? Yes or No: Leela afferma che i cani mangiano il pesce
A: Yes

Q: Is this sentence grammatical? Yes or No: Tom dice che un' uomo tiene una bottiglia
A: Yes

Q: Is this sentence grammatical? Yes or No: Maria osserva che un' uomo porta un cappello
A: Yes

Q: Is this sentence grammatical? Yes or No: Sheela sa che i ragazzi portano giocattolo il
A: No

Q: Is this sentence grammatical? Yes or No: Leela afferma che gli insegnanti salgono scala la
A: No

Q: Is this sentence grammatical? Yes or No: Harry osserva che il cane porta la bottiglia
A: Yes

Q: Is this sentence grammatical? Yes or No: Sheela dice che una donna prende la scatola
A: ",Sheela dice che una donna prende la scatola,No,Yes,,0
188,ita-r-2-subordinate,"We will give you examples of Italian sentences that follow or violate the rules of a shared grammar, along with labels 'Yes' or 'No'. You will then generate a label, 'Yes' or 'No', for a new unlabeled sentence that may follow or violate the same grammar rules.

Q: Is this sentence grammatical? Yes or No: Leela vede che gli insegnanti portano il giornale
A: Yes

Q: Is this sentence grammatical? Yes or No: Gomu dice che il cane tiene giocattolo il
A: No

Q: Is this sentence grammatical? Yes or No: Gomu osserva che il cane porta la bottiglia
A: Yes

Q: Is this sentence grammatical? Yes or No: Sheela dice che i cani tengono il pesce
A: Yes

Q: Is this sentence grammatical? Yes or No: Leela afferma che i cani mangiano il pesce
A: Yes

Q: Is this sentence grammatical? Yes or No: Tom dice che un' uomo tiene una bottiglia
A: Yes

Q: Is this sentence grammatical? Yes or No: Maria osserva che un' uomo porta un cappello
A: Yes

Q: Is this sentence grammatical? Yes or No: Sheela sa che i ragazzi portano il giocattolo
A: Yes

Q: Is this sentence grammatical? Yes or No: Leela afferma che gli insegnanti salgono scala la
A: No

Q: Is this sentence grammatical? Yes or No: Harry osserva che il cane porta la bottiglia
A: Yes

Q: Is this sentence grammatical? Yes or No: Harry osserva che i gatti mangiano banana la
A: ",Harry osserva che i gatti mangiano banana la,No,No,,0
189,ita-r-2-subordinate,"We will give you examples of Italian sentences that follow or violate the rules of a shared grammar, along with labels 'Yes' or 'No'. You will then generate a label, 'Yes' or 'No', for a new unlabeled sentence that may follow or violate the same grammar rules.

Q: Is this sentence grammatical? Yes or No: Leela vede che gli insegnanti portano giornale il
A: No

Q: Is this sentence grammatical? Yes or No: Gomu dice che il cane tiene il giocattolo
A: Yes

Q: Is this sentence grammatical? Yes or No: Gomu osserva che il cane porta bottiglia la
A: No

Q: Is this sentence grammatical? Yes or No: Sheela dice che i cani tengono pesce il
A: No

Q: Is this sentence grammatical? Yes or No: Leela afferma che i cani mangiano pesce il
A: No

Q: Is this sentence grammatical? Yes or No: Tom dice che un' uomo tiene bottiglia una
A: No

Q: Is this sentence grammatical? Yes or No: Maria osserva che un' uomo porta cappello un
A: No

Q: Is this sentence grammatical? Yes or No: Sheela sa che i ragazzi portano giocattolo il
A: No

Q: Is this sentence grammatical? Yes or No: Leela afferma che gli insegnanti salgono la scala
A: Yes

Q: Is this sentence grammatical? Yes or No: Harry osserva che il cane porta bottiglia la
A: No

Q: Is this sentence grammatical? Yes or No: Gomu dice che la donna scala roccia una
A: ",Gomu dice che la donna scala roccia una,No,No,,0
190,ita-r-2-subordinate,"We will give you examples of Italian sentences that follow or violate the rules of a shared grammar, along with labels 'Yes' or 'No'. You will then generate a label, 'Yes' or 'No', for a new unlabeled sentence that may follow or violate the same grammar rules.

Q: Is this sentence grammatical? Yes or No: Leela vede che gli insegnanti portano giornale il
A: No

Q: Is this sentence grammatical? Yes or No: Gomu dice che il cane tiene giocattolo il
A: No

Q: Is this sentence grammatical? Yes or No: Gomu osserva che il cane porta bottiglia la
A: No

Q: Is this sentence grammatical? Yes or No: Sheela dice che i cani tengono pesce il
A: No

Q: Is this sentence grammatical? Yes or No: Leela afferma che i cani mangiano il pesce
A: Yes

Q: Is this sentence grammatical? Yes or No: Tom dice che un' uomo tiene una bottiglia
A: Yes

Q: Is this sentence grammatical? Yes or No: Maria osserva che un' uomo porta cappello un
A: No

Q: Is this sentence grammatical? Yes or No: Sheela sa che i ragazzi portano il giocattolo
A: Yes

Q: Is this sentence grammatical? Yes or No: Leela afferma che gli insegnanti salgono la scala
A: Yes

Q: Is this sentence grammatical? Yes or No: Harry osserva che il cane porta bottiglia la
A: No

Q: Is this sentence grammatical? Yes or No: Sheela dice che i cani salgono tetto il
A: ",Sheela dice che i cani salgono tetto il,No,No,,0
191,ita-r-2-subordinate,"We will give you examples of Italian sentences that follow or violate the rules of a shared grammar, along with labels 'Yes' or 'No'. You will then generate a label, 'Yes' or 'No', for a new unlabeled sentence that may follow or violate the same grammar rules.

Q: Is this sentence grammatical? Yes or No: Leela vede che gli insegnanti portano il giornale
A: Yes

Q: Is this sentence grammatical? Yes or No: Gomu dice che il cane tiene giocattolo il
A: No

Q: Is this sentence grammatical? Yes or No: Gomu osserva che il cane porta bottiglia la
A: No

Q: Is this sentence grammatical? Yes or No: Sheela dice che i cani tengono il pesce
A: Yes

Q: Is this sentence grammatical? Yes or No: Leela afferma che i cani mangiano il pesce
A: Yes

Q: Is this sentence grammatical? Yes or No: Tom dice che un' uomo tiene bottiglia una
A: No

Q: Is this sentence grammatical? Yes or No: Maria osserva che un' uomo porta un cappello
A: Yes

Q: Is this sentence grammatical? Yes or No: Sheela sa che i ragazzi portano giocattolo il
A: No

Q: Is this sentence grammatical? Yes or No: Leela afferma che gli insegnanti salgono scala la
A: No

Q: Is this sentence grammatical? Yes or No: Harry osserva che il cane porta bottiglia la
A: No

Q: Is this sentence grammatical? Yes or No: Harry dice che un' insegnante mangia banana una
A: ",Harry dice che un' insegnante mangia banana una,No,No,,0
192,ita-r-2-subordinate,"We will give you examples of Italian sentences that follow or violate the rules of a shared grammar, along with labels 'Yes' or 'No'. You will then generate a label, 'Yes' or 'No', for a new unlabeled sentence that may follow or violate the same grammar rules.

Q: Is this sentence grammatical? Yes or No: Leela vede che gli insegnanti portano giornale il
A: No

Q: Is this sentence grammatical? Yes or No: Gomu dice che il cane tiene giocattolo il
A: No

Q: Is this sentence grammatical? Yes or No: Gomu osserva che il cane porta la bottiglia
A: Yes

Q: Is this sentence grammatical? Yes or No: Sheela dice che i cani tengono il pesce
A: Yes

Q: Is this sentence grammatical? Yes or No: Leela afferma che i cani mangiano il pesce
A: Yes

Q: Is this sentence grammatical? Yes or No: Tom dice che un' uomo tiene una bottiglia
A: Yes

Q: Is this sentence grammatical? Yes or No: Maria osserva che un' uomo porta cappello un
A: No

Q: Is this sentence grammatical? Yes or No: Sheela sa che i ragazzi portano il giocattolo
A: Yes

Q: Is this sentence grammatical? Yes or No: Leela afferma che gli insegnanti salgono la scala
A: Yes

Q: Is this sentence grammatical? Yes or No: Harry osserva che il cane porta la bottiglia
A: Yes

Q: Is this sentence grammatical? Yes or No: Maria dice che la donna porta bottiglia la
A: ",Maria dice che la donna porta bottiglia la,No,No,,0
193,ita-r-2-subordinate,"We will give you examples of Italian sentences that follow or violate the rules of a shared grammar, along with labels 'Yes' or 'No'. You will then generate a label, 'Yes' or 'No', for a new unlabeled sentence that may follow or violate the same grammar rules.

Q: Is this sentence grammatical? Yes or No: Leela vede che gli insegnanti portano giornale il
A: No

Q: Is this sentence grammatical? Yes or No: Gomu dice che il cane tiene il giocattolo
A: Yes

Q: Is this sentence grammatical? Yes or No: Gomu osserva che il cane porta bottiglia la
A: No

Q: Is this sentence grammatical? Yes or No: Sheela dice che i cani tengono pesce il
A: No

Q: Is this sentence grammatical? Yes or No: Leela afferma che i cani mangiano pesce il
A: No

Q: Is this sentence grammatical? Yes or No: Tom dice che un' uomo tiene una bottiglia
A: Yes

Q: Is this sentence grammatical? Yes or No: Maria osserva che un' uomo porta un cappello
A: Yes

Q: Is this sentence grammatical? Yes or No: Sheela sa che i ragazzi portano il giocattolo
A: Yes

Q: Is this sentence grammatical? Yes or No: Leela afferma che gli insegnanti salgono la scala
A: Yes

Q: Is this sentence grammatical? Yes or No: Harry osserva che il cane porta bottiglia la
A: No

Q: Is this sentence grammatical? Yes or No: Harry afferma che una donna prende tazza una
A: ",Harry afferma che una donna prende tazza una,No,No,,0
194,ita-r-2-subordinate,"We will give you examples of Italian sentences that follow or violate the rules of a shared grammar, along with labels 'Yes' or 'No'. You will then generate a label, 'Yes' or 'No', for a new unlabeled sentence that may follow or violate the same grammar rules.

Q: Is this sentence grammatical? Yes or No: Leela vede che gli insegnanti portano giornale il
A: No

Q: Is this sentence grammatical? Yes or No: Gomu dice che il cane tiene giocattolo il
A: No

Q: Is this sentence grammatical? Yes or No: Gomu osserva che il cane porta la bottiglia
A: Yes

Q: Is this sentence grammatical? Yes or No: Sheela dice che i cani tengono il pesce
A: Yes

Q: Is this sentence grammatical? Yes or No: Leela afferma che i cani mangiano il pesce
A: Yes

Q: Is this sentence grammatical? Yes or No: Tom dice che un' uomo tiene bottiglia una
A: No

Q: Is this sentence grammatical? Yes or No: Maria osserva che un' uomo porta cappello un
A: No

Q: Is this sentence grammatical? Yes or No: Sheela sa che i ragazzi portano giocattolo il
A: No

Q: Is this sentence grammatical? Yes or No: Leela afferma che gli insegnanti salgono scala la
A: No

Q: Is this sentence grammatical? Yes or No: Harry osserva che il cane porta la bottiglia
A: Yes

Q: Is this sentence grammatical? Yes or No: John sa che i cani portano tazza la
A: ",John sa che i cani portano tazza la,No,No,,0
195,ita-r-2-subordinate,"We will give you examples of Italian sentences that follow or violate the rules of a shared grammar, along with labels 'Yes' or 'No'. You will then generate a label, 'Yes' or 'No', for a new unlabeled sentence that may follow or violate the same grammar rules.

Q: Is this sentence grammatical? Yes or No: Leela vede che gli insegnanti portano giornale il
A: No

Q: Is this sentence grammatical? Yes or No: Gomu dice che il cane tiene giocattolo il
A: No

Q: Is this sentence grammatical? Yes or No: Gomu osserva che il cane porta la bottiglia
A: Yes

Q: Is this sentence grammatical? Yes or No: Sheela dice che i cani tengono pesce il
A: No

Q: Is this sentence grammatical? Yes or No: Leela afferma che i cani mangiano pesce il
A: No

Q: Is this sentence grammatical? Yes or No: Tom dice che un' uomo tiene una bottiglia
A: Yes

Q: Is this sentence grammatical? Yes or No: Maria osserva che un' uomo porta cappello un
A: No

Q: Is this sentence grammatical? Yes or No: Sheela sa che i ragazzi portano giocattolo il
A: No

Q: Is this sentence grammatical? Yes or No: Leela afferma che gli insegnanti salgono scala la
A: No

Q: Is this sentence grammatical? Yes or No: Harry osserva che il cane porta la bottiglia
A: Yes

Q: Is this sentence grammatical? Yes or No: Tom dice che le donne portano il cappello
A: ",Tom dice che le donne portano il cappello,No,Yes,,0
196,ita-r-2-subordinate,"We will give you examples of Italian sentences that follow or violate the rules of a shared grammar, along with labels 'Yes' or 'No'. You will then generate a label, 'Yes' or 'No', for a new unlabeled sentence that may follow or violate the same grammar rules.

Q: Is this sentence grammatical? Yes or No: Leela vede che gli insegnanti portano il giornale
A: Yes

Q: Is this sentence grammatical? Yes or No: Gomu dice che il cane tiene giocattolo il
A: No

Q: Is this sentence grammatical? Yes or No: Gomu osserva che il cane porta bottiglia la
A: No

Q: Is this sentence grammatical? Yes or No: Sheela dice che i cani tengono il pesce
A: Yes

Q: Is this sentence grammatical? Yes or No: Leela afferma che i cani mangiano il pesce
A: Yes

Q: Is this sentence grammatical? Yes or No: Tom dice che un' uomo tiene una bottiglia
A: Yes

Q: Is this sentence grammatical? Yes or No: Maria osserva che un' uomo porta cappello un
A: No

Q: Is this sentence grammatical? Yes or No: Sheela sa che i ragazzi portano giocattolo il
A: No

Q: Is this sentence grammatical? Yes or No: Leela afferma che gli insegnanti salgono la scala
A: Yes

Q: Is this sentence grammatical? Yes or No: Harry osserva che il cane porta bottiglia la
A: No

Q: Is this sentence grammatical? Yes or No: Gomu vede che un gatto porta scatola la
A: ",Gomu vede che un gatto porta scatola la,Yes,No,,0
197,ita-r-2-subordinate,"We will give you examples of Italian sentences that follow or violate the rules of a shared grammar, along with labels 'Yes' or 'No'. You will then generate a label, 'Yes' or 'No', for a new unlabeled sentence that may follow or violate the same grammar rules.

Q: Is this sentence grammatical? Yes or No: Leela vede che gli insegnanti portano il giornale
A: Yes

Q: Is this sentence grammatical? Yes or No: Gomu dice che il cane tiene giocattolo il
A: No

Q: Is this sentence grammatical? Yes or No: Gomu osserva che il cane porta bottiglia la
A: No

Q: Is this sentence grammatical? Yes or No: Sheela dice che i cani tengono il pesce
A: Yes

Q: Is this sentence grammatical? Yes or No: Leela afferma che i cani mangiano il pesce
A: Yes

Q: Is this sentence grammatical? Yes or No: Tom dice che un' uomo tiene una bottiglia
A: Yes

Q: Is this sentence grammatical? Yes or No: Maria osserva che un' uomo porta cappello un
A: No

Q: Is this sentence grammatical? Yes or No: Sheela sa che i ragazzi portano il giocattolo
A: Yes

Q: Is this sentence grammatical? Yes or No: Leela afferma che gli insegnanti salgono la scala
A: Yes

Q: Is this sentence grammatical? Yes or No: Harry osserva che il cane porta la bottiglia
A: Yes

Q: Is this sentence grammatical? Yes or No: Gomu afferma che gli insegnanti tengono giornale il
A: ",Gomu afferma che gli insegnanti tengono giornale il,No,No,,0
198,ita-r-2-subordinate,"We will give you examples of Italian sentences that follow or violate the rules of a shared grammar, along with labels 'Yes' or 'No'. You will then generate a label, 'Yes' or 'No', for a new unlabeled sentence that may follow or violate the same grammar rules.

Q: Is this sentence grammatical? Yes or No: Leela vede che gli insegnanti portano il giornale
A: Yes

Q: Is this sentence grammatical? Yes or No: Gomu dice che il cane tiene il giocattolo
A: Yes

Q: Is this sentence grammatical? Yes or No: Gomu osserva che il cane porta la bottiglia
A: Yes

Q: Is this sentence grammatical? Yes or No: Sheela dice che i cani tengono pesce il
A: No

Q: Is this sentence grammatical? Yes or No: Leela afferma che i cani mangiano il pesce
A: Yes

Q: Is this sentence grammatical? Yes or No: Tom dice che un' uomo tiene bottiglia una
A: No

Q: Is this sentence grammatical? Yes or No: Maria osserva che un' uomo porta un cappello
A: Yes

Q: Is this sentence grammatical? Yes or No: Sheela sa che i ragazzi portano giocattolo il
A: No

Q: Is this sentence grammatical? Yes or No: Leela afferma che gli insegnanti salgono scala la
A: No

Q: Is this sentence grammatical? Yes or No: Harry osserva che il cane porta bottiglia la
A: No

Q: Is this sentence grammatical? Yes or No: Tom afferma che un gatto scala montagna la
A: ",Tom afferma che un gatto scala montagna la,No,No,,0
199,ita-r-2-subordinate,"We will give you examples of Italian sentences that follow or violate the rules of a shared grammar, along with labels 'Yes' or 'No'. You will then generate a label, 'Yes' or 'No', for a new unlabeled sentence that may follow or violate the same grammar rules.

Q: Is this sentence grammatical? Yes or No: Leela vede che gli insegnanti portano giornale il
A: No

Q: Is this sentence grammatical? Yes or No: Gomu dice che il cane tiene il giocattolo
A: Yes

Q: Is this sentence grammatical? Yes or No: Gomu osserva che il cane porta bottiglia la
A: No

Q: Is this sentence grammatical? Yes or No: Sheela dice che i cani tengono il pesce
A: Yes

Q: Is this sentence grammatical? Yes or No: Leela afferma che i cani mangiano il pesce
A: Yes

Q: Is this sentence grammatical? Yes or No: Tom dice che un' uomo tiene una bottiglia
A: Yes

Q: Is this sentence grammatical? Yes or No: Maria osserva che un' uomo porta cappello un
A: No

Q: Is this sentence grammatical? Yes or No: Sheela sa che i ragazzi portano giocattolo il
A: No

Q: Is this sentence grammatical? Yes or No: Leela afferma che gli insegnanti salgono scala la
A: No

Q: Is this sentence grammatical? Yes or No: Harry osserva che il cane porta la bottiglia
A: Yes

Q: Is this sentence grammatical? Yes or No: Maria dice che il gatto scala una collina
A: ",Maria dice che il gatto scala una collina,Yes,Yes,,0
200,ita-r-2-subordinate,"We will give you examples of Italian sentences that follow or violate the rules of a shared grammar, along with labels 'Yes' or 'No'. You will then generate a label, 'Yes' or 'No', for a new unlabeled sentence that may follow or violate the same grammar rules.

Q: Is this sentence grammatical? Yes or No: Leela vede che gli insegnanti portano il giornale
A: Yes

Q: Is this sentence grammatical? Yes or No: Gomu dice che il cane tiene il giocattolo
A: Yes

Q: Is this sentence grammatical? Yes or No: Gomu osserva che il cane porta bottiglia la
A: No

Q: Is this sentence grammatical? Yes or No: Sheela dice che i cani tengono pesce il
A: No

Q: Is this sentence grammatical? Yes or No: Leela afferma che i cani mangiano pesce il
A: No

Q: Is this sentence grammatical? Yes or No: Tom dice che un' uomo tiene bottiglia una
A: No

Q: Is this sentence grammatical? Yes or No: Maria osserva che un' uomo porta un cappello
A: Yes

Q: Is this sentence grammatical? Yes or No: Sheela sa che i ragazzi portano il giocattolo
A: Yes

Q: Is this sentence grammatical? Yes or No: Leela afferma che gli insegnanti salgono la scala
A: Yes

Q: Is this sentence grammatical? Yes or No: Harry osserva che il cane porta bottiglia la
A: No

Q: Is this sentence grammatical? Yes or No: Harry sa che unaragazza scala l'albero
A: ",Harry sa che unaragazza scala l'albero,No,Yes,,0
201,ita-r-2-subordinate,"We will give you examples of Italian sentences that follow or violate the rules of a shared grammar, along with labels 'Yes' or 'No'. You will then generate a label, 'Yes' or 'No', for a new unlabeled sentence that may follow or violate the same grammar rules.

Q: Is this sentence grammatical? Yes or No: Leela vede che gli insegnanti portano giornale il
A: No

Q: Is this sentence grammatical? Yes or No: Gomu dice che il cane tiene il giocattolo
A: Yes

Q: Is this sentence grammatical? Yes or No: Gomu osserva che il cane porta bottiglia la
A: No

Q: Is this sentence grammatical? Yes or No: Sheela dice che i cani tengono il pesce
A: Yes

Q: Is this sentence grammatical? Yes or No: Leela afferma che i cani mangiano il pesce
A: Yes

Q: Is this sentence grammatical? Yes or No: Tom dice che un' uomo tiene bottiglia una
A: No

Q: Is this sentence grammatical? Yes or No: Maria osserva che un' uomo porta un cappello
A: Yes

Q: Is this sentence grammatical? Yes or No: Sheela sa che i ragazzi portano il giocattolo
A: Yes

Q: Is this sentence grammatical? Yes or No: Leela afferma che gli insegnanti salgono la scala
A: Yes

Q: Is this sentence grammatical? Yes or No: Harry osserva che il cane porta bottiglia la
A: No

Q: Is this sentence grammatical? Yes or No: Tom osserva che la ragazza porta giocattolo un
A: ",Tom osserva che la ragazza porta giocattolo un,No,No,,0
202,ita-r-2-subordinate,"We will give you examples of Italian sentences that follow or violate the rules of a shared grammar, along with labels 'Yes' or 'No'. You will then generate a label, 'Yes' or 'No', for a new unlabeled sentence that may follow or violate the same grammar rules.

Q: Is this sentence grammatical? Yes or No: Leela vede che gli insegnanti portano giornale il
A: No

Q: Is this sentence grammatical? Yes or No: Gomu dice che il cane tiene il giocattolo
A: Yes

Q: Is this sentence grammatical? Yes or No: Gomu osserva che il cane porta bottiglia la
A: No

Q: Is this sentence grammatical? Yes or No: Sheela dice che i cani tengono pesce il
A: No

Q: Is this sentence grammatical? Yes or No: Leela afferma che i cani mangiano il pesce
A: Yes

Q: Is this sentence grammatical? Yes or No: Tom dice che un' uomo tiene una bottiglia
A: Yes

Q: Is this sentence grammatical? Yes or No: Maria osserva che un' uomo porta un cappello
A: Yes

Q: Is this sentence grammatical? Yes or No: Sheela sa che i ragazzi portano il giocattolo
A: Yes

Q: Is this sentence grammatical? Yes or No: Leela afferma che gli insegnanti salgono scala la
A: No

Q: Is this sentence grammatical? Yes or No: Harry osserva che il cane porta bottiglia la
A: No

Q: Is this sentence grammatical? Yes or No: Tom dice che i cani mangiano banana la
A: ",Tom dice che i cani mangiano banana la,No,No,,0
203,ita-r-2-subordinate,"We will give you examples of Italian sentences that follow or violate the rules of a shared grammar, along with labels 'Yes' or 'No'. You will then generate a label, 'Yes' or 'No', for a new unlabeled sentence that may follow or violate the same grammar rules.

Q: Is this sentence grammatical? Yes or No: Leela vede che gli insegnanti portano il giornale
A: Yes

Q: Is this sentence grammatical? Yes or No: Gomu dice che il cane tiene il giocattolo
A: Yes

Q: Is this sentence grammatical? Yes or No: Gomu osserva che il cane porta la bottiglia
A: Yes

Q: Is this sentence grammatical? Yes or No: Sheela dice che i cani tengono il pesce
A: Yes

Q: Is this sentence grammatical? Yes or No: Leela afferma che i cani mangiano il pesce
A: Yes

Q: Is this sentence grammatical? Yes or No: Tom dice che un' uomo tiene bottiglia una
A: No

Q: Is this sentence grammatical? Yes or No: Maria osserva che un' uomo porta un cappello
A: Yes

Q: Is this sentence grammatical? Yes or No: Sheela sa che i ragazzi portano il giocattolo
A: Yes

Q: Is this sentence grammatical? Yes or No: Leela afferma che gli insegnanti salgono scala la
A: No

Q: Is this sentence grammatical? Yes or No: Harry osserva che il cane porta la bottiglia
A: Yes

Q: Is this sentence grammatical? Yes or No: Harry vede che un' insegnante legge poema un
A: ",Harry vede che un' insegnante legge poema un,No,No,,0
204,ita-r-2-subordinate,"We will give you examples of Italian sentences that follow or violate the rules of a shared grammar, along with labels 'Yes' or 'No'. You will then generate a label, 'Yes' or 'No', for a new unlabeled sentence that may follow or violate the same grammar rules.

Q: Is this sentence grammatical? Yes or No: Leela vede che gli insegnanti portano il giornale
A: Yes

Q: Is this sentence grammatical? Yes or No: Gomu dice che il cane tiene giocattolo il
A: No

Q: Is this sentence grammatical? Yes or No: Gomu osserva che il cane porta bottiglia la
A: No

Q: Is this sentence grammatical? Yes or No: Sheela dice che i cani tengono il pesce
A: Yes

Q: Is this sentence grammatical? Yes or No: Leela afferma che i cani mangiano pesce il
A: No

Q: Is this sentence grammatical? Yes or No: Tom dice che un' uomo tiene una bottiglia
A: Yes

Q: Is this sentence grammatical? Yes or No: Maria osserva che un' uomo porta un cappello
A: Yes

Q: Is this sentence grammatical? Yes or No: Sheela sa che i ragazzi portano il giocattolo
A: Yes

Q: Is this sentence grammatical? Yes or No: Leela afferma che gli insegnanti salgono la scala
A: Yes

Q: Is this sentence grammatical? Yes or No: Harry osserva che il cane porta la bottiglia
A: Yes

Q: Is this sentence grammatical? Yes or No: Gomu vede che i ragazzi portano cappello il
A: ",Gomu vede che i ragazzi portano cappello il,No,No,,0
205,ita-r-2-subordinate,"We will give you examples of Italian sentences that follow or violate the rules of a shared grammar, along with labels 'Yes' or 'No'. You will then generate a label, 'Yes' or 'No', for a new unlabeled sentence that may follow or violate the same grammar rules.

Q: Is this sentence grammatical? Yes or No: Leela vede che gli insegnanti portano il giornale
A: Yes

Q: Is this sentence grammatical? Yes or No: Gomu dice che il cane tiene giocattolo il
A: No

Q: Is this sentence grammatical? Yes or No: Gomu osserva che il cane porta la bottiglia
A: Yes

Q: Is this sentence grammatical? Yes or No: Sheela dice che i cani tengono il pesce
A: Yes

Q: Is this sentence grammatical? Yes or No: Leela afferma che i cani mangiano pesce il
A: No

Q: Is this sentence grammatical? Yes or No: Tom dice che un' uomo tiene una bottiglia
A: Yes

Q: Is this sentence grammatical? Yes or No: Maria osserva che un' uomo porta un cappello
A: Yes

Q: Is this sentence grammatical? Yes or No: Sheela sa che i ragazzi portano giocattolo il
A: No

Q: Is this sentence grammatical? Yes or No: Leela afferma che gli insegnanti salgono la scala
A: Yes

Q: Is this sentence grammatical? Yes or No: Harry osserva che il cane porta la bottiglia
A: Yes

Q: Is this sentence grammatical? Yes or No: John dice che le donne mangiano la frutta
A: ",John dice che le donne mangiano la frutta,No,Yes,,0
206,ita-r-2-subordinate,"We will give you examples of Italian sentences that follow or violate the rules of a shared grammar, along with labels 'Yes' or 'No'. You will then generate a label, 'Yes' or 'No', for a new unlabeled sentence that may follow or violate the same grammar rules.

Q: Is this sentence grammatical? Yes or No: Leela vede che gli insegnanti portano il giornale
A: Yes

Q: Is this sentence grammatical? Yes or No: Gomu dice che il cane tiene giocattolo il
A: No

Q: Is this sentence grammatical? Yes or No: Gomu osserva che il cane porta la bottiglia
A: Yes

Q: Is this sentence grammatical? Yes or No: Sheela dice che i cani tengono il pesce
A: Yes

Q: Is this sentence grammatical? Yes or No: Leela afferma che i cani mangiano il pesce
A: Yes

Q: Is this sentence grammatical? Yes or No: Tom dice che un' uomo tiene una bottiglia
A: Yes

Q: Is this sentence grammatical? Yes or No: Maria osserva che un' uomo porta un cappello
A: Yes

Q: Is this sentence grammatical? Yes or No: Sheela sa che i ragazzi portano giocattolo il
A: No

Q: Is this sentence grammatical? Yes or No: Leela afferma che gli insegnanti salgono scala la
A: No

Q: Is this sentence grammatical? Yes or No: Harry osserva che il cane porta bottiglia la
A: No

Q: Is this sentence grammatical? Yes or No: Harry dice che gli insegnanti portano la lampadina
A: ",Harry dice che gli insegnanti portano la lampadina,Yes,Yes,,0
207,ita-r-2-subordinate,"We will give you examples of Italian sentences that follow or violate the rules of a shared grammar, along with labels 'Yes' or 'No'. You will then generate a label, 'Yes' or 'No', for a new unlabeled sentence that may follow or violate the same grammar rules.

Q: Is this sentence grammatical? Yes or No: Leela vede che gli insegnanti portano il giornale
A: Yes

Q: Is this sentence grammatical? Yes or No: Gomu dice che il cane tiene giocattolo il
A: No

Q: Is this sentence grammatical? Yes or No: Gomu osserva che il cane porta la bottiglia
A: Yes

Q: Is this sentence grammatical? Yes or No: Sheela dice che i cani tengono il pesce
A: Yes

Q: Is this sentence grammatical? Yes or No: Leela afferma che i cani mangiano pesce il
A: No

Q: Is this sentence grammatical? Yes or No: Tom dice che un' uomo tiene una bottiglia
A: Yes

Q: Is this sentence grammatical? Yes or No: Maria osserva che un' uomo porta un cappello
A: Yes

Q: Is this sentence grammatical? Yes or No: Sheela sa che i ragazzi portano giocattolo il
A: No

Q: Is this sentence grammatical? Yes or No: Leela afferma che gli insegnanti salgono la scala
A: Yes

Q: Is this sentence grammatical? Yes or No: Harry osserva che il cane porta bottiglia la
A: No

Q: Is this sentence grammatical? Yes or No: Tom osserva che la donna porta giocattolo il
A: ",Tom osserva che la donna porta giocattolo il,Yes,No,,0
208,ita-r-2-subordinate,"We will give you examples of Italian sentences that follow or violate the rules of a shared grammar, along with labels 'Yes' or 'No'. You will then generate a label, 'Yes' or 'No', for a new unlabeled sentence that may follow or violate the same grammar rules.

Q: Is this sentence grammatical? Yes or No: Leela vede che gli insegnanti portano giornale il
A: No

Q: Is this sentence grammatical? Yes or No: Gomu dice che il cane tiene il giocattolo
A: Yes

Q: Is this sentence grammatical? Yes or No: Gomu osserva che il cane porta la bottiglia
A: Yes

Q: Is this sentence grammatical? Yes or No: Sheela dice che i cani tengono pesce il
A: No

Q: Is this sentence grammatical? Yes or No: Leela afferma che i cani mangiano il pesce
A: Yes

Q: Is this sentence grammatical? Yes or No: Tom dice che un' uomo tiene una bottiglia
A: Yes

Q: Is this sentence grammatical? Yes or No: Maria osserva che un' uomo porta un cappello
A: Yes

Q: Is this sentence grammatical? Yes or No: Sheela sa che i ragazzi portano il giocattolo
A: Yes

Q: Is this sentence grammatical? Yes or No: Leela afferma che gli insegnanti salgono scala la
A: No

Q: Is this sentence grammatical? Yes or No: Harry osserva che il cane porta la bottiglia
A: Yes

Q: Is this sentence grammatical? Yes or No: John sa che l'insegnante mangia un biscotto
A: ",John sa che l'insegnante mangia un biscotto,Yes,Yes,,0
209,ita-r-2-subordinate,"We will give you examples of Italian sentences that follow or violate the rules of a shared grammar, along with labels 'Yes' or 'No'. You will then generate a label, 'Yes' or 'No', for a new unlabeled sentence that may follow or violate the same grammar rules.

Q: Is this sentence grammatical? Yes or No: Leela vede che gli insegnanti portano giornale il
A: No

Q: Is this sentence grammatical? Yes or No: Gomu dice che il cane tiene giocattolo il
A: No

Q: Is this sentence grammatical? Yes or No: Gomu osserva che il cane porta la bottiglia
A: Yes

Q: Is this sentence grammatical? Yes or No: Sheela dice che i cani tengono pesce il
A: No

Q: Is this sentence grammatical? Yes or No: Leela afferma che i cani mangiano pesce il
A: No

Q: Is this sentence grammatical? Yes or No: Tom dice che un' uomo tiene una bottiglia
A: Yes

Q: Is this sentence grammatical? Yes or No: Maria osserva che un' uomo porta un cappello
A: Yes

Q: Is this sentence grammatical? Yes or No: Sheela sa che i ragazzi portano il giocattolo
A: Yes

Q: Is this sentence grammatical? Yes or No: Leela afferma che gli insegnanti salgono scala la
A: No

Q: Is this sentence grammatical? Yes or No: Harry osserva che il cane porta bottiglia la
A: No

Q: Is this sentence grammatical? Yes or No: Maria vede che le ragazze portano scatola la
A: ",Maria vede che le ragazze portano scatola la,No,No,,0
210,ita-r-2-subordinate,"We will give you examples of Italian sentences that follow or violate the rules of a shared grammar, along with labels 'Yes' or 'No'. You will then generate a label, 'Yes' or 'No', for a new unlabeled sentence that may follow or violate the same grammar rules.

Q: Is this sentence grammatical? Yes or No: Leela vede che gli insegnanti portano il giornale
A: Yes

Q: Is this sentence grammatical? Yes or No: Gomu dice che il cane tiene giocattolo il
A: No

Q: Is this sentence grammatical? Yes or No: Gomu osserva che il cane porta bottiglia la
A: No

Q: Is this sentence grammatical? Yes or No: Sheela dice che i cani tengono il pesce
A: Yes

Q: Is this sentence grammatical? Yes or No: Leela afferma che i cani mangiano il pesce
A: Yes

Q: Is this sentence grammatical? Yes or No: Tom dice che un' uomo tiene una bottiglia
A: Yes

Q: Is this sentence grammatical? Yes or No: Maria osserva che un' uomo porta un cappello
A: Yes

Q: Is this sentence grammatical? Yes or No: Sheela sa che i ragazzi portano giocattolo il
A: No

Q: Is this sentence grammatical? Yes or No: Leela afferma che gli insegnanti salgono la scala
A: Yes

Q: Is this sentence grammatical? Yes or No: Harry osserva che il cane porta bottiglia la
A: No

Q: Is this sentence grammatical? Yes or No: Gomu vede che il cane porta scatola una
A: ",Gomu vede che il cane porta scatola una,No,No,,0
211,ita-r-2-subordinate,"We will give you examples of Italian sentences that follow or violate the rules of a shared grammar, along with labels 'Yes' or 'No'. You will then generate a label, 'Yes' or 'No', for a new unlabeled sentence that may follow or violate the same grammar rules.

Q: Is this sentence grammatical? Yes or No: Leela vede che gli insegnanti portano giornale il
A: No

Q: Is this sentence grammatical? Yes or No: Gomu dice che il cane tiene il giocattolo
A: Yes

Q: Is this sentence grammatical? Yes or No: Gomu osserva che il cane porta la bottiglia
A: Yes

Q: Is this sentence grammatical? Yes or No: Sheela dice che i cani tengono pesce il
A: No

Q: Is this sentence grammatical? Yes or No: Leela afferma che i cani mangiano pesce il
A: No

Q: Is this sentence grammatical? Yes or No: Tom dice che un' uomo tiene bottiglia una
A: No

Q: Is this sentence grammatical? Yes or No: Maria osserva che un' uomo porta un cappello
A: Yes

Q: Is this sentence grammatical? Yes or No: Sheela sa che i ragazzi portano il giocattolo
A: Yes

Q: Is this sentence grammatical? Yes or No: Leela afferma che gli insegnanti salgono la scala
A: Yes

Q: Is this sentence grammatical? Yes or No: Harry osserva che il cane porta la bottiglia
A: Yes

Q: Is this sentence grammatical? Yes or No: Gomu sa che i ragazzi mangiano il biscotto
A: ",Gomu sa che i ragazzi mangiano il biscotto,No,Yes,,0
212,ita-r-2-subordinate,"We will give you examples of Italian sentences that follow or violate the rules of a shared grammar, along with labels 'Yes' or 'No'. You will then generate a label, 'Yes' or 'No', for a new unlabeled sentence that may follow or violate the same grammar rules.

Q: Is this sentence grammatical? Yes or No: Leela vede che gli insegnanti portano il giornale
A: Yes

Q: Is this sentence grammatical? Yes or No: Gomu dice che il cane tiene il giocattolo
A: Yes

Q: Is this sentence grammatical? Yes or No: Gomu osserva che il cane porta la bottiglia
A: Yes

Q: Is this sentence grammatical? Yes or No: Sheela dice che i cani tengono pesce il
A: No

Q: Is this sentence grammatical? Yes or No: Leela afferma che i cani mangiano il pesce
A: Yes

Q: Is this sentence grammatical? Yes or No: Tom dice che un' uomo tiene una bottiglia
A: Yes

Q: Is this sentence grammatical? Yes or No: Maria osserva che un' uomo porta un cappello
A: Yes

Q: Is this sentence grammatical? Yes or No: Sheela sa che i ragazzi portano giocattolo il
A: No

Q: Is this sentence grammatical? Yes or No: Leela afferma che gli insegnanti salgono la scala
A: Yes

Q: Is this sentence grammatical? Yes or No: Harry osserva che il cane porta bottiglia la
A: No

Q: Is this sentence grammatical? Yes or No: John afferma che l'insegnante tiene tazza la
A: ",John afferma che l'insegnante tiene tazza la,No,No,,0
213,ita-r-2-subordinate,"We will give you examples of Italian sentences that follow or violate the rules of a shared grammar, along with labels 'Yes' or 'No'. You will then generate a label, 'Yes' or 'No', for a new unlabeled sentence that may follow or violate the same grammar rules.

Q: Is this sentence grammatical? Yes or No: Leela vede che gli insegnanti portano giornale il
A: No

Q: Is this sentence grammatical? Yes or No: Gomu dice che il cane tiene il giocattolo
A: Yes

Q: Is this sentence grammatical? Yes or No: Gomu osserva che il cane porta bottiglia la
A: No

Q: Is this sentence grammatical? Yes or No: Sheela dice che i cani tengono pesce il
A: No

Q: Is this sentence grammatical? Yes or No: Leela afferma che i cani mangiano pesce il
A: No

Q: Is this sentence grammatical? Yes or No: Tom dice che un' uomo tiene bottiglia una
A: No

Q: Is this sentence grammatical? Yes or No: Maria osserva che un' uomo porta cappello un
A: No

Q: Is this sentence grammatical? Yes or No: Sheela sa che i ragazzi portano il giocattolo
A: Yes

Q: Is this sentence grammatical? Yes or No: Leela afferma che gli insegnanti salgono la scala
A: Yes

Q: Is this sentence grammatical? Yes or No: Harry osserva che il cane porta la bottiglia
A: Yes

Q: Is this sentence grammatical? Yes or No: Tom osserva che le donne prendono topo il
A: ",Tom osserva che le donne prendono topo il,No,No,,0
214,ita-r-2-subordinate,"We will give you examples of Italian sentences that follow or violate the rules of a shared grammar, along with labels 'Yes' or 'No'. You will then generate a label, 'Yes' or 'No', for a new unlabeled sentence that may follow or violate the same grammar rules.

Q: Is this sentence grammatical? Yes or No: Leela vede che gli insegnanti portano il giornale
A: Yes

Q: Is this sentence grammatical? Yes or No: Gomu dice che il cane tiene giocattolo il
A: No

Q: Is this sentence grammatical? Yes or No: Gomu osserva che il cane porta bottiglia la
A: No

Q: Is this sentence grammatical? Yes or No: Sheela dice che i cani tengono il pesce
A: Yes

Q: Is this sentence grammatical? Yes or No: Leela afferma che i cani mangiano il pesce
A: Yes

Q: Is this sentence grammatical? Yes or No: Tom dice che un' uomo tiene bottiglia una
A: No

Q: Is this sentence grammatical? Yes or No: Maria osserva che un' uomo porta cappello un
A: No

Q: Is this sentence grammatical? Yes or No: Sheela sa che i ragazzi portano il giocattolo
A: Yes

Q: Is this sentence grammatical? Yes or No: Leela afferma che gli insegnanti salgono la scala
A: Yes

Q: Is this sentence grammatical? Yes or No: Harry osserva che il cane porta la bottiglia
A: Yes

Q: Is this sentence grammatical? Yes or No: Sheela sa che il ragazzo porta gesso un
A: ",Sheela sa che il ragazzo porta gesso un,No,No,,0
215,ita-r-2-subordinate,"We will give you examples of Italian sentences that follow or violate the rules of a shared grammar, along with labels 'Yes' or 'No'. You will then generate a label, 'Yes' or 'No', for a new unlabeled sentence that may follow or violate the same grammar rules.

Q: Is this sentence grammatical? Yes or No: Leela vede che gli insegnanti portano giornale il
A: No

Q: Is this sentence grammatical? Yes or No: Gomu dice che il cane tiene giocattolo il
A: No

Q: Is this sentence grammatical? Yes or No: Gomu osserva che il cane porta la bottiglia
A: Yes

Q: Is this sentence grammatical? Yes or No: Sheela dice che i cani tengono pesce il
A: No

Q: Is this sentence grammatical? Yes or No: Leela afferma che i cani mangiano pesce il
A: No

Q: Is this sentence grammatical? Yes or No: Tom dice che un' uomo tiene bottiglia una
A: No

Q: Is this sentence grammatical? Yes or No: Maria osserva che un' uomo porta un cappello
A: Yes

Q: Is this sentence grammatical? Yes or No: Sheela sa che i ragazzi portano il giocattolo
A: Yes

Q: Is this sentence grammatical? Yes or No: Leela afferma che gli insegnanti salgono scala la
A: No

Q: Is this sentence grammatical? Yes or No: Harry osserva che il cane porta la bottiglia
A: Yes

Q: Is this sentence grammatical? Yes or No: Sheela vede che le ragazze tengono giocattolo il
A: ",Sheela vede che le ragazze tengono giocattolo il,No,No,,0
216,ita-r-2-subordinate,"We will give you examples of Italian sentences that follow or violate the rules of a shared grammar, along with labels 'Yes' or 'No'. You will then generate a label, 'Yes' or 'No', for a new unlabeled sentence that may follow or violate the same grammar rules.

Q: Is this sentence grammatical? Yes or No: Leela vede che gli insegnanti portano il giornale
A: Yes

Q: Is this sentence grammatical? Yes or No: Gomu dice che il cane tiene il giocattolo
A: Yes

Q: Is this sentence grammatical? Yes or No: Gomu osserva che il cane porta la bottiglia
A: Yes

Q: Is this sentence grammatical? Yes or No: Sheela dice che i cani tengono il pesce
A: Yes

Q: Is this sentence grammatical? Yes or No: Leela afferma che i cani mangiano il pesce
A: Yes

Q: Is this sentence grammatical? Yes or No: Tom dice che un' uomo tiene bottiglia una
A: No

Q: Is this sentence grammatical? Yes or No: Maria osserva che un' uomo porta un cappello
A: Yes

Q: Is this sentence grammatical? Yes or No: Sheela sa che i ragazzi portano il giocattolo
A: Yes

Q: Is this sentence grammatical? Yes or No: Leela afferma che gli insegnanti salgono la scala
A: Yes

Q: Is this sentence grammatical? Yes or No: Harry osserva che il cane porta bottiglia la
A: No

Q: Is this sentence grammatical? Yes or No: Tom dice che l'uomo mangia banana una
A: ",Tom dice che l'uomo mangia banana una,No,No,,0
217,ita-r-2-subordinate,"We will give you examples of Italian sentences that follow or violate the rules of a shared grammar, along with labels 'Yes' or 'No'. You will then generate a label, 'Yes' or 'No', for a new unlabeled sentence that may follow or violate the same grammar rules.

Q: Is this sentence grammatical? Yes or No: Leela vede che gli insegnanti portano giornale il
A: No

Q: Is this sentence grammatical? Yes or No: Gomu dice che il cane tiene giocattolo il
A: No

Q: Is this sentence grammatical? Yes or No: Gomu osserva che il cane porta la bottiglia
A: Yes

Q: Is this sentence grammatical? Yes or No: Sheela dice che i cani tengono pesce il
A: No

Q: Is this sentence grammatical? Yes or No: Leela afferma che i cani mangiano pesce il
A: No

Q: Is this sentence grammatical? Yes or No: Tom dice che un' uomo tiene una bottiglia
A: Yes

Q: Is this sentence grammatical? Yes or No: Maria osserva che un' uomo porta cappello un
A: No

Q: Is this sentence grammatical? Yes or No: Sheela sa che i ragazzi portano giocattolo il
A: No

Q: Is this sentence grammatical? Yes or No: Leela afferma che gli insegnanti salgono la scala
A: Yes

Q: Is this sentence grammatical? Yes or No: Harry osserva che il cane porta bottiglia la
A: No

Q: Is this sentence grammatical? Yes or No: Tom osserva che le ragazze tengono il gesso
A: ",Tom osserva che le ragazze tengono il gesso,No,Yes,,0
218,ita-r-2-subordinate,"We will give you examples of Italian sentences that follow or violate the rules of a shared grammar, along with labels 'Yes' or 'No'. You will then generate a label, 'Yes' or 'No', for a new unlabeled sentence that may follow or violate the same grammar rules.

Q: Is this sentence grammatical? Yes or No: Leela vede che gli insegnanti portano il giornale
A: Yes

Q: Is this sentence grammatical? Yes or No: Gomu dice che il cane tiene giocattolo il
A: No

Q: Is this sentence grammatical? Yes or No: Gomu osserva che il cane porta la bottiglia
A: Yes

Q: Is this sentence grammatical? Yes or No: Sheela dice che i cani tengono il pesce
A: Yes

Q: Is this sentence grammatical? Yes or No: Leela afferma che i cani mangiano pesce il
A: No

Q: Is this sentence grammatical? Yes or No: Tom dice che un' uomo tiene una bottiglia
A: Yes

Q: Is this sentence grammatical? Yes or No: Maria osserva che un' uomo porta cappello un
A: No

Q: Is this sentence grammatical? Yes or No: Sheela sa che i ragazzi portano giocattolo il
A: No

Q: Is this sentence grammatical? Yes or No: Leela afferma che gli insegnanti salgono la scala
A: Yes

Q: Is this sentence grammatical? Yes or No: Harry osserva che il cane porta la bottiglia
A: Yes

Q: Is this sentence grammatical? Yes or No: Leela dice che una donna scala la scala
A: ",Leela dice che una donna scala la scala,No,Yes,,0
219,ita-r-2-subordinate,"We will give you examples of Italian sentences that follow or violate the rules of a shared grammar, along with labels 'Yes' or 'No'. You will then generate a label, 'Yes' or 'No', for a new unlabeled sentence that may follow or violate the same grammar rules.

Q: Is this sentence grammatical? Yes or No: Leela vede che gli insegnanti portano giornale il
A: No

Q: Is this sentence grammatical? Yes or No: Gomu dice che il cane tiene il giocattolo
A: Yes

Q: Is this sentence grammatical? Yes or No: Gomu osserva che il cane porta la bottiglia
A: Yes

Q: Is this sentence grammatical? Yes or No: Sheela dice che i cani tengono pesce il
A: No

Q: Is this sentence grammatical? Yes or No: Leela afferma che i cani mangiano il pesce
A: Yes

Q: Is this sentence grammatical? Yes or No: Tom dice che un' uomo tiene bottiglia una
A: No

Q: Is this sentence grammatical? Yes or No: Maria osserva che un' uomo porta un cappello
A: Yes

Q: Is this sentence grammatical? Yes or No: Sheela sa che i ragazzi portano giocattolo il
A: No

Q: Is this sentence grammatical? Yes or No: Leela afferma che gli insegnanti salgono scala la
A: No

Q: Is this sentence grammatical? Yes or No: Harry osserva che il cane porta la bottiglia
A: Yes

Q: Is this sentence grammatical? Yes or No: Tom osserva che le ragazze portano gesso il
A: ",Tom osserva che le ragazze portano gesso il,No,No,,0
220,ita-r-2-subordinate,"We will give you examples of Italian sentences that follow or violate the rules of a shared grammar, along with labels 'Yes' or 'No'. You will then generate a label, 'Yes' or 'No', for a new unlabeled sentence that may follow or violate the same grammar rules.

Q: Is this sentence grammatical? Yes or No: Leela vede che gli insegnanti portano il giornale
A: Yes

Q: Is this sentence grammatical? Yes or No: Gomu dice che il cane tiene il giocattolo
A: Yes

Q: Is this sentence grammatical? Yes or No: Gomu osserva che il cane porta la bottiglia
A: Yes

Q: Is this sentence grammatical? Yes or No: Sheela dice che i cani tengono il pesce
A: Yes

Q: Is this sentence grammatical? Yes or No: Leela afferma che i cani mangiano il pesce
A: Yes

Q: Is this sentence grammatical? Yes or No: Tom dice che un' uomo tiene bottiglia una
A: No

Q: Is this sentence grammatical? Yes or No: Maria osserva che un' uomo porta cappello un
A: No

Q: Is this sentence grammatical? Yes or No: Sheela sa che i ragazzi portano giocattolo il
A: No

Q: Is this sentence grammatical? Yes or No: Leela afferma che gli insegnanti salgono scala la
A: No

Q: Is this sentence grammatical? Yes or No: Harry osserva che il cane porta la bottiglia
A: Yes

Q: Is this sentence grammatical? Yes or No: John afferma che i ragazzi mangiano la banana
A: ",John afferma che i ragazzi mangiano la banana,No,Yes,,0
221,ita-r-2-subordinate,"We will give you examples of Italian sentences that follow or violate the rules of a shared grammar, along with labels 'Yes' or 'No'. You will then generate a label, 'Yes' or 'No', for a new unlabeled sentence that may follow or violate the same grammar rules.

Q: Is this sentence grammatical? Yes or No: Leela vede che gli insegnanti portano il giornale
A: Yes

Q: Is this sentence grammatical? Yes or No: Gomu dice che il cane tiene giocattolo il
A: No

Q: Is this sentence grammatical? Yes or No: Gomu osserva che il cane porta la bottiglia
A: Yes

Q: Is this sentence grammatical? Yes or No: Sheela dice che i cani tengono pesce il
A: No

Q: Is this sentence grammatical? Yes or No: Leela afferma che i cani mangiano il pesce
A: Yes

Q: Is this sentence grammatical? Yes or No: Tom dice che un' uomo tiene una bottiglia
A: Yes

Q: Is this sentence grammatical? Yes or No: Maria osserva che un' uomo porta cappello un
A: No

Q: Is this sentence grammatical? Yes or No: Sheela sa che i ragazzi portano giocattolo il
A: No

Q: Is this sentence grammatical? Yes or No: Leela afferma che gli insegnanti salgono la scala
A: Yes

Q: Is this sentence grammatical? Yes or No: Harry osserva che il cane porta la bottiglia
A: Yes

Q: Is this sentence grammatical? Yes or No: Maria sa che la donna porta scatola una
A: ",Maria sa che la donna porta scatola una,No,No,,0
222,ita-r-2-subordinate,"We will give you examples of Italian sentences that follow or violate the rules of a shared grammar, along with labels 'Yes' or 'No'. You will then generate a label, 'Yes' or 'No', for a new unlabeled sentence that may follow or violate the same grammar rules.

Q: Is this sentence grammatical? Yes or No: Leela vede che gli insegnanti portano il giornale
A: Yes

Q: Is this sentence grammatical? Yes or No: Gomu dice che il cane tiene giocattolo il
A: No

Q: Is this sentence grammatical? Yes or No: Gomu osserva che il cane porta la bottiglia
A: Yes

Q: Is this sentence grammatical? Yes or No: Sheela dice che i cani tengono pesce il
A: No

Q: Is this sentence grammatical? Yes or No: Leela afferma che i cani mangiano pesce il
A: No

Q: Is this sentence grammatical? Yes or No: Tom dice che un' uomo tiene una bottiglia
A: Yes

Q: Is this sentence grammatical? Yes or No: Maria osserva che un' uomo porta cappello un
A: No

Q: Is this sentence grammatical? Yes or No: Sheela sa che i ragazzi portano il giocattolo
A: Yes

Q: Is this sentence grammatical? Yes or No: Leela afferma che gli insegnanti salgono la scala
A: Yes

Q: Is this sentence grammatical? Yes or No: Harry osserva che il cane porta la bottiglia
A: Yes

Q: Is this sentence grammatical? Yes or No: Leela dice che le donne mangiano pesce il
A: ",Leela dice che le donne mangiano pesce il,No,No,,0
223,ita-r-2-subordinate,"We will give you examples of Italian sentences that follow or violate the rules of a shared grammar, along with labels 'Yes' or 'No'. You will then generate a label, 'Yes' or 'No', for a new unlabeled sentence that may follow or violate the same grammar rules.

Q: Is this sentence grammatical? Yes or No: Leela vede che gli insegnanti portano il giornale
A: Yes

Q: Is this sentence grammatical? Yes or No: Gomu dice che il cane tiene giocattolo il
A: No

Q: Is this sentence grammatical? Yes or No: Gomu osserva che il cane porta bottiglia la
A: No

Q: Is this sentence grammatical? Yes or No: Sheela dice che i cani tengono pesce il
A: No

Q: Is this sentence grammatical? Yes or No: Leela afferma che i cani mangiano il pesce
A: Yes

Q: Is this sentence grammatical? Yes or No: Tom dice che un' uomo tiene una bottiglia
A: Yes

Q: Is this sentence grammatical? Yes or No: Maria osserva che un' uomo porta cappello un
A: No

Q: Is this sentence grammatical? Yes or No: Sheela sa che i ragazzi portano giocattolo il
A: No

Q: Is this sentence grammatical? Yes or No: Leela afferma che gli insegnanti salgono scala la
A: No

Q: Is this sentence grammatical? Yes or No: Harry osserva che il cane porta bottiglia la
A: No

Q: Is this sentence grammatical? Yes or No: Leela vede che la ragazza prende scatola una
A: ",Leela vede che la ragazza prende scatola una,No,No,,0
224,ita-r-2-subordinate,"We will give you examples of Italian sentences that follow or violate the rules of a shared grammar, along with labels 'Yes' or 'No'. You will then generate a label, 'Yes' or 'No', for a new unlabeled sentence that may follow or violate the same grammar rules.

Q: Is this sentence grammatical? Yes or No: Leela vede che gli insegnanti portano il giornale
A: Yes

Q: Is this sentence grammatical? Yes or No: Gomu dice che il cane tiene il giocattolo
A: Yes

Q: Is this sentence grammatical? Yes or No: Gomu osserva che il cane porta bottiglia la
A: No

Q: Is this sentence grammatical? Yes or No: Sheela dice che i cani tengono il pesce
A: Yes

Q: Is this sentence grammatical? Yes or No: Leela afferma che i cani mangiano il pesce
A: Yes

Q: Is this sentence grammatical? Yes or No: Tom dice che un' uomo tiene una bottiglia
A: Yes

Q: Is this sentence grammatical? Yes or No: Maria osserva che un' uomo porta un cappello
A: Yes

Q: Is this sentence grammatical? Yes or No: Sheela sa che i ragazzi portano giocattolo il
A: No

Q: Is this sentence grammatical? Yes or No: Leela afferma che gli insegnanti salgono scala la
A: No

Q: Is this sentence grammatical? Yes or No: Harry osserva che il cane porta la bottiglia
A: Yes

Q: Is this sentence grammatical? Yes or No: John sa che un ragazzo porta lampadina la
A: ",John sa che un ragazzo porta lampadina la,No,No,,0
225,ita-r-2-subordinate,"We will give you examples of Italian sentences that follow or violate the rules of a shared grammar, along with labels 'Yes' or 'No'. You will then generate a label, 'Yes' or 'No', for a new unlabeled sentence that may follow or violate the same grammar rules.

Q: Is this sentence grammatical? Yes or No: Leela vede che gli insegnanti portano il giornale
A: Yes

Q: Is this sentence grammatical? Yes or No: Gomu dice che il cane tiene giocattolo il
A: No

Q: Is this sentence grammatical? Yes or No: Gomu osserva che il cane porta bottiglia la
A: No

Q: Is this sentence grammatical? Yes or No: Sheela dice che i cani tengono pesce il
A: No

Q: Is this sentence grammatical? Yes or No: Leela afferma che i cani mangiano pesce il
A: No

Q: Is this sentence grammatical? Yes or No: Tom dice che un' uomo tiene una bottiglia
A: Yes

Q: Is this sentence grammatical? Yes or No: Maria osserva che un' uomo porta cappello un
A: No

Q: Is this sentence grammatical? Yes or No: Sheela sa che i ragazzi portano il giocattolo
A: Yes

Q: Is this sentence grammatical? Yes or No: Leela afferma che gli insegnanti salgono la scala
A: Yes

Q: Is this sentence grammatical? Yes or No: Harry osserva che il cane porta bottiglia la
A: No

Q: Is this sentence grammatical? Yes or No: Leela dice che i ragazzi salgono scala la
A: ",Leela dice che i ragazzi salgono scala la,No,No,,0
226,ita-r-2-subordinate,"We will give you examples of Italian sentences that follow or violate the rules of a shared grammar, along with labels 'Yes' or 'No'. You will then generate a label, 'Yes' or 'No', for a new unlabeled sentence that may follow or violate the same grammar rules.

Q: Is this sentence grammatical? Yes or No: Leela vede che gli insegnanti portano il giornale
A: Yes

Q: Is this sentence grammatical? Yes or No: Gomu dice che il cane tiene il giocattolo
A: Yes

Q: Is this sentence grammatical? Yes or No: Gomu osserva che il cane porta la bottiglia
A: Yes

Q: Is this sentence grammatical? Yes or No: Sheela dice che i cani tengono pesce il
A: No

Q: Is this sentence grammatical? Yes or No: Leela afferma che i cani mangiano pesce il
A: No

Q: Is this sentence grammatical? Yes or No: Tom dice che un' uomo tiene una bottiglia
A: Yes

Q: Is this sentence grammatical? Yes or No: Maria osserva che un' uomo porta un cappello
A: Yes

Q: Is this sentence grammatical? Yes or No: Sheela sa che i ragazzi portano il giocattolo
A: Yes

Q: Is this sentence grammatical? Yes or No: Leela afferma che gli insegnanti salgono la scala
A: Yes

Q: Is this sentence grammatical? Yes or No: Harry osserva che il cane porta la bottiglia
A: Yes

Q: Is this sentence grammatical? Yes or No: Leela vede che le donne tengono il topo
A: ",Leela vede che le donne tengono il topo,No,Yes,,0
227,ita-r-2-subordinate,"We will give you examples of Italian sentences that follow or violate the rules of a shared grammar, along with labels 'Yes' or 'No'. You will then generate a label, 'Yes' or 'No', for a new unlabeled sentence that may follow or violate the same grammar rules.

Q: Is this sentence grammatical? Yes or No: Leela vede che gli insegnanti portano giornale il
A: No

Q: Is this sentence grammatical? Yes or No: Gomu dice che il cane tiene giocattolo il
A: No

Q: Is this sentence grammatical? Yes or No: Gomu osserva che il cane porta la bottiglia
A: Yes

Q: Is this sentence grammatical? Yes or No: Sheela dice che i cani tengono il pesce
A: Yes

Q: Is this sentence grammatical? Yes or No: Leela afferma che i cani mangiano pesce il
A: No

Q: Is this sentence grammatical? Yes or No: Tom dice che un' uomo tiene una bottiglia
A: Yes

Q: Is this sentence grammatical? Yes or No: Maria osserva che un' uomo porta cappello un
A: No

Q: Is this sentence grammatical? Yes or No: Sheela sa che i ragazzi portano il giocattolo
A: Yes

Q: Is this sentence grammatical? Yes or No: Leela afferma che gli insegnanti salgono scala la
A: No

Q: Is this sentence grammatical? Yes or No: Harry osserva che il cane porta la bottiglia
A: Yes

Q: Is this sentence grammatical? Yes or No: Sheela osserva che gli uomini portano la lampadina
A: ",Sheela osserva che gli uomini portano la lampadina,No,Yes,,0
228,ita-r-2-subordinate,"We will give you examples of Italian sentences that follow or violate the rules of a shared grammar, along with labels 'Yes' or 'No'. You will then generate a label, 'Yes' or 'No', for a new unlabeled sentence that may follow or violate the same grammar rules.

Q: Is this sentence grammatical? Yes or No: Leela vede che gli insegnanti portano il giornale
A: Yes

Q: Is this sentence grammatical? Yes or No: Gomu dice che il cane tiene il giocattolo
A: Yes

Q: Is this sentence grammatical? Yes or No: Gomu osserva che il cane porta la bottiglia
A: Yes

Q: Is this sentence grammatical? Yes or No: Sheela dice che i cani tengono pesce il
A: No

Q: Is this sentence grammatical? Yes or No: Leela afferma che i cani mangiano il pesce
A: Yes

Q: Is this sentence grammatical? Yes or No: Tom dice che un' uomo tiene una bottiglia
A: Yes

Q: Is this sentence grammatical? Yes or No: Maria osserva che un' uomo porta cappello un
A: No

Q: Is this sentence grammatical? Yes or No: Sheela sa che i ragazzi portano giocattolo il
A: No

Q: Is this sentence grammatical? Yes or No: Leela afferma che gli insegnanti salgono scala la
A: No

Q: Is this sentence grammatical? Yes or No: Harry osserva che il cane porta la bottiglia
A: Yes

Q: Is this sentence grammatical? Yes or No: Sheela osserva che una ragazza prende la lampadina
A: ",Sheela osserva che una ragazza prende la lampadina,No,Yes,,0
229,ita-r-2-subordinate,"We will give you examples of Italian sentences that follow or violate the rules of a shared grammar, along with labels 'Yes' or 'No'. You will then generate a label, 'Yes' or 'No', for a new unlabeled sentence that may follow or violate the same grammar rules.

Q: Is this sentence grammatical? Yes or No: Leela vede che gli insegnanti portano giornale il
A: No

Q: Is this sentence grammatical? Yes or No: Gomu dice che il cane tiene giocattolo il
A: No

Q: Is this sentence grammatical? Yes or No: Gomu osserva che il cane porta la bottiglia
A: Yes

Q: Is this sentence grammatical? Yes or No: Sheela dice che i cani tengono il pesce
A: Yes

Q: Is this sentence grammatical? Yes or No: Leela afferma che i cani mangiano pesce il
A: No

Q: Is this sentence grammatical? Yes or No: Tom dice che un' uomo tiene una bottiglia
A: Yes

Q: Is this sentence grammatical? Yes or No: Maria osserva che un' uomo porta cappello un
A: No

Q: Is this sentence grammatical? Yes or No: Sheela sa che i ragazzi portano giocattolo il
A: No

Q: Is this sentence grammatical? Yes or No: Leela afferma che gli insegnanti salgono la scala
A: Yes

Q: Is this sentence grammatical? Yes or No: Harry osserva che il cane porta bottiglia la
A: No

Q: Is this sentence grammatical? Yes or No: Leela afferma che una donna porta topo il
A: ",Leela afferma che una donna porta topo il,No,No,,0
230,ita-r-2-subordinate,"We will give you examples of Italian sentences that follow or violate the rules of a shared grammar, along with labels 'Yes' or 'No'. You will then generate a label, 'Yes' or 'No', for a new unlabeled sentence that may follow or violate the same grammar rules.

Q: Is this sentence grammatical? Yes or No: Leela vede che gli insegnanti portano giornale il
A: No

Q: Is this sentence grammatical? Yes or No: Gomu dice che il cane tiene il giocattolo
A: Yes

Q: Is this sentence grammatical? Yes or No: Gomu osserva che il cane porta la bottiglia
A: Yes

Q: Is this sentence grammatical? Yes or No: Sheela dice che i cani tengono pesce il
A: No

Q: Is this sentence grammatical? Yes or No: Leela afferma che i cani mangiano il pesce
A: Yes

Q: Is this sentence grammatical? Yes or No: Tom dice che un' uomo tiene bottiglia una
A: No

Q: Is this sentence grammatical? Yes or No: Maria osserva che un' uomo porta cappello un
A: No

Q: Is this sentence grammatical? Yes or No: Sheela sa che i ragazzi portano il giocattolo
A: Yes

Q: Is this sentence grammatical? Yes or No: Leela afferma che gli insegnanti salgono la scala
A: Yes

Q: Is this sentence grammatical? Yes or No: Harry osserva che il cane porta bottiglia la
A: No

Q: Is this sentence grammatical? Yes or No: Harry sa che il oratorio legge il libro
A: ",Harry sa che il oratorio legge il libro,Yes,Yes,,0
231,ita-r-2-subordinate,"We will give you examples of Italian sentences that follow or violate the rules of a shared grammar, along with labels 'Yes' or 'No'. You will then generate a label, 'Yes' or 'No', for a new unlabeled sentence that may follow or violate the same grammar rules.

Q: Is this sentence grammatical? Yes or No: Leela vede che gli insegnanti portano giornale il
A: No

Q: Is this sentence grammatical? Yes or No: Gomu dice che il cane tiene giocattolo il
A: No

Q: Is this sentence grammatical? Yes or No: Gomu osserva che il cane porta bottiglia la
A: No

Q: Is this sentence grammatical? Yes or No: Sheela dice che i cani tengono pesce il
A: No

Q: Is this sentence grammatical? Yes or No: Leela afferma che i cani mangiano il pesce
A: Yes

Q: Is this sentence grammatical? Yes or No: Tom dice che un' uomo tiene bottiglia una
A: No

Q: Is this sentence grammatical? Yes or No: Maria osserva che un' uomo porta cappello un
A: No

Q: Is this sentence grammatical? Yes or No: Sheela sa che i ragazzi portano giocattolo il
A: No

Q: Is this sentence grammatical? Yes or No: Leela afferma che gli insegnanti salgono la scala
A: Yes

Q: Is this sentence grammatical? Yes or No: Harry osserva che il cane porta bottiglia la
A: No

Q: Is this sentence grammatical? Yes or No: Harry sa che il gatto porta il gesso
A: ",Harry sa che il gatto porta il gesso,No,Yes,,0
232,ita-r-2-subordinate,"We will give you examples of Italian sentences that follow or violate the rules of a shared grammar, along with labels 'Yes' or 'No'. You will then generate a label, 'Yes' or 'No', for a new unlabeled sentence that may follow or violate the same grammar rules.

Q: Is this sentence grammatical? Yes or No: Leela vede che gli insegnanti portano il giornale
A: Yes

Q: Is this sentence grammatical? Yes or No: Gomu dice che il cane tiene giocattolo il
A: No

Q: Is this sentence grammatical? Yes or No: Gomu osserva che il cane porta la bottiglia
A: Yes

Q: Is this sentence grammatical? Yes or No: Sheela dice che i cani tengono pesce il
A: No

Q: Is this sentence grammatical? Yes or No: Leela afferma che i cani mangiano il pesce
A: Yes

Q: Is this sentence grammatical? Yes or No: Tom dice che un' uomo tiene bottiglia una
A: No

Q: Is this sentence grammatical? Yes or No: Maria osserva che un' uomo porta cappello un
A: No

Q: Is this sentence grammatical? Yes or No: Sheela sa che i ragazzi portano il giocattolo
A: Yes

Q: Is this sentence grammatical? Yes or No: Leela afferma che gli insegnanti salgono scala la
A: No

Q: Is this sentence grammatical? Yes or No: Harry osserva che il cane porta bottiglia la
A: No

Q: Is this sentence grammatical? Yes or No: Harry sa che i cani tengono giornale il
A: ",Harry sa che i cani tengono giornale il,No,No,,0
233,ita-r-2-subordinate,"We will give you examples of Italian sentences that follow or violate the rules of a shared grammar, along with labels 'Yes' or 'No'. You will then generate a label, 'Yes' or 'No', for a new unlabeled sentence that may follow or violate the same grammar rules.

Q: Is this sentence grammatical? Yes or No: Leela vede che gli insegnanti portano il giornale
A: Yes

Q: Is this sentence grammatical? Yes or No: Gomu dice che il cane tiene il giocattolo
A: Yes

Q: Is this sentence grammatical? Yes or No: Gomu osserva che il cane porta la bottiglia
A: Yes

Q: Is this sentence grammatical? Yes or No: Sheela dice che i cani tengono pesce il
A: No

Q: Is this sentence grammatical? Yes or No: Leela afferma che i cani mangiano il pesce
A: Yes

Q: Is this sentence grammatical? Yes or No: Tom dice che un' uomo tiene bottiglia una
A: No

Q: Is this sentence grammatical? Yes or No: Maria osserva che un' uomo porta cappello un
A: No

Q: Is this sentence grammatical? Yes or No: Sheela sa che i ragazzi portano giocattolo il
A: No

Q: Is this sentence grammatical? Yes or No: Leela afferma che gli insegnanti salgono scala la
A: No

Q: Is this sentence grammatical? Yes or No: Harry osserva che il cane porta bottiglia la
A: No

Q: Is this sentence grammatical? Yes or No: Sheela vede che l'uomo porta giocattolo un
A: ",Sheela vede che l'uomo porta giocattolo un,No,No,,0
234,ita-r-2-subordinate,"We will give you examples of Italian sentences that follow or violate the rules of a shared grammar, along with labels 'Yes' or 'No'. You will then generate a label, 'Yes' or 'No', for a new unlabeled sentence that may follow or violate the same grammar rules.

Q: Is this sentence grammatical? Yes or No: Leela vede che gli insegnanti portano il giornale
A: Yes

Q: Is this sentence grammatical? Yes or No: Gomu dice che il cane tiene giocattolo il
A: No

Q: Is this sentence grammatical? Yes or No: Gomu osserva che il cane porta bottiglia la
A: No

Q: Is this sentence grammatical? Yes or No: Sheela dice che i cani tengono il pesce
A: Yes

Q: Is this sentence grammatical? Yes or No: Leela afferma che i cani mangiano il pesce
A: Yes

Q: Is this sentence grammatical? Yes or No: Tom dice che un' uomo tiene bottiglia una
A: No

Q: Is this sentence grammatical? Yes or No: Maria osserva che un' uomo porta cappello un
A: No

Q: Is this sentence grammatical? Yes or No: Sheela sa che i ragazzi portano giocattolo il
A: No

Q: Is this sentence grammatical? Yes or No: Leela afferma che gli insegnanti salgono scala la
A: No

Q: Is this sentence grammatical? Yes or No: Harry osserva che il cane porta bottiglia la
A: No

Q: Is this sentence grammatical? Yes or No: John sa che i cani tengono il gesso
A: ",John sa che i cani tengono il gesso,No,Yes,,0
235,ita-r-2-subordinate,"We will give you examples of Italian sentences that follow or violate the rules of a shared grammar, along with labels 'Yes' or 'No'. You will then generate a label, 'Yes' or 'No', for a new unlabeled sentence that may follow or violate the same grammar rules.

Q: Is this sentence grammatical? Yes or No: Leela vede che gli insegnanti portano il giornale
A: Yes

Q: Is this sentence grammatical? Yes or No: Gomu dice che il cane tiene il giocattolo
A: Yes

Q: Is this sentence grammatical? Yes or No: Gomu osserva che il cane porta la bottiglia
A: Yes

Q: Is this sentence grammatical? Yes or No: Sheela dice che i cani tengono pesce il
A: No

Q: Is this sentence grammatical? Yes or No: Leela afferma che i cani mangiano pesce il
A: No

Q: Is this sentence grammatical? Yes or No: Tom dice che un' uomo tiene una bottiglia
A: Yes

Q: Is this sentence grammatical? Yes or No: Maria osserva che un' uomo porta cappello un
A: No

Q: Is this sentence grammatical? Yes or No: Sheela sa che i ragazzi portano giocattolo il
A: No

Q: Is this sentence grammatical? Yes or No: Leela afferma che gli insegnanti salgono la scala
A: Yes

Q: Is this sentence grammatical? Yes or No: Harry osserva che il cane porta bottiglia la
A: No

Q: Is this sentence grammatical? Yes or No: Harry afferma che una ragazza porta un cappello
A: ",Harry afferma che una ragazza porta un cappello,Yes,Yes,,0
236,ita-r-2-subordinate,"We will give you examples of Italian sentences that follow or violate the rules of a shared grammar, along with labels 'Yes' or 'No'. You will then generate a label, 'Yes' or 'No', for a new unlabeled sentence that may follow or violate the same grammar rules.

Q: Is this sentence grammatical? Yes or No: Leela vede che gli insegnanti portano giornale il
A: No

Q: Is this sentence grammatical? Yes or No: Gomu dice che il cane tiene giocattolo il
A: No

Q: Is this sentence grammatical? Yes or No: Gomu osserva che il cane porta la bottiglia
A: Yes

Q: Is this sentence grammatical? Yes or No: Sheela dice che i cani tengono il pesce
A: Yes

Q: Is this sentence grammatical? Yes or No: Leela afferma che i cani mangiano pesce il
A: No

Q: Is this sentence grammatical? Yes or No: Tom dice che un' uomo tiene bottiglia una
A: No

Q: Is this sentence grammatical? Yes or No: Maria osserva che un' uomo porta un cappello
A: Yes

Q: Is this sentence grammatical? Yes or No: Sheela sa che i ragazzi portano il giocattolo
A: Yes

Q: Is this sentence grammatical? Yes or No: Leela afferma che gli insegnanti salgono scala la
A: No

Q: Is this sentence grammatical? Yes or No: Harry osserva che il cane porta bottiglia la
A: No

Q: Is this sentence grammatical? Yes or No: Tom vede che la ragazza mangia un cetriolo
A: ",Tom vede che la ragazza mangia un cetriolo,Yes,Yes,,0
237,ita-r-2-subordinate,"We will give you examples of Italian sentences that follow or violate the rules of a shared grammar, along with labels 'Yes' or 'No'. You will then generate a label, 'Yes' or 'No', for a new unlabeled sentence that may follow or violate the same grammar rules.

Q: Is this sentence grammatical? Yes or No: Leela vede che gli insegnanti portano giornale il
A: No

Q: Is this sentence grammatical? Yes or No: Gomu dice che il cane tiene giocattolo il
A: No

Q: Is this sentence grammatical? Yes or No: Gomu osserva che il cane porta la bottiglia
A: Yes

Q: Is this sentence grammatical? Yes or No: Sheela dice che i cani tengono il pesce
A: Yes

Q: Is this sentence grammatical? Yes or No: Leela afferma che i cani mangiano pesce il
A: No

Q: Is this sentence grammatical? Yes or No: Tom dice che un' uomo tiene una bottiglia
A: Yes

Q: Is this sentence grammatical? Yes or No: Maria osserva che un' uomo porta un cappello
A: Yes

Q: Is this sentence grammatical? Yes or No: Sheela sa che i ragazzi portano il giocattolo
A: Yes

Q: Is this sentence grammatical? Yes or No: Leela afferma che gli insegnanti salgono scala la
A: No

Q: Is this sentence grammatical? Yes or No: Harry osserva che il cane porta la bottiglia
A: Yes

Q: Is this sentence grammatical? Yes or No: Harry dice che gli uomini prendono la lampadina
A: ",Harry dice che gli uomini prendono la lampadina,No,Yes,,0
238,ita-r-2-subordinate,"We will give you examples of Italian sentences that follow or violate the rules of a shared grammar, along with labels 'Yes' or 'No'. You will then generate a label, 'Yes' or 'No', for a new unlabeled sentence that may follow or violate the same grammar rules.

Q: Is this sentence grammatical? Yes or No: Leela vede che gli insegnanti portano giornale il
A: No

Q: Is this sentence grammatical? Yes or No: Gomu dice che il cane tiene giocattolo il
A: No

Q: Is this sentence grammatical? Yes or No: Gomu osserva che il cane porta bottiglia la
A: No

Q: Is this sentence grammatical? Yes or No: Sheela dice che i cani tengono il pesce
A: Yes

Q: Is this sentence grammatical? Yes or No: Leela afferma che i cani mangiano pesce il
A: No

Q: Is this sentence grammatical? Yes or No: Tom dice che un' uomo tiene bottiglia una
A: No

Q: Is this sentence grammatical? Yes or No: Maria osserva che un' uomo porta cappello un
A: No

Q: Is this sentence grammatical? Yes or No: Sheela sa che i ragazzi portano il giocattolo
A: Yes

Q: Is this sentence grammatical? Yes or No: Leela afferma che gli insegnanti salgono la scala
A: Yes

Q: Is this sentence grammatical? Yes or No: Harry osserva che il cane porta la bottiglia
A: Yes

Q: Is this sentence grammatical? Yes or No: Tom afferma che le donne portano gesso il
A: ",Tom afferma che le donne portano gesso il,No,No,,0
239,ita-r-2-subordinate,"We will give you examples of Italian sentences that follow or violate the rules of a shared grammar, along with labels 'Yes' or 'No'. You will then generate a label, 'Yes' or 'No', for a new unlabeled sentence that may follow or violate the same grammar rules.

Q: Is this sentence grammatical? Yes or No: Leela vede che gli insegnanti portano il giornale
A: Yes

Q: Is this sentence grammatical? Yes or No: Gomu dice che il cane tiene giocattolo il
A: No

Q: Is this sentence grammatical? Yes or No: Gomu osserva che il cane porta bottiglia la
A: No

Q: Is this sentence grammatical? Yes or No: Sheela dice che i cani tengono il pesce
A: Yes

Q: Is this sentence grammatical? Yes or No: Leela afferma che i cani mangiano pesce il
A: No

Q: Is this sentence grammatical? Yes or No: Tom dice che un' uomo tiene una bottiglia
A: Yes

Q: Is this sentence grammatical? Yes or No: Maria osserva che un' uomo porta cappello un
A: No

Q: Is this sentence grammatical? Yes or No: Sheela sa che i ragazzi portano giocattolo il
A: No

Q: Is this sentence grammatical? Yes or No: Leela afferma che gli insegnanti salgono scala la
A: No

Q: Is this sentence grammatical? Yes or No: Harry osserva che il cane porta la bottiglia
A: Yes

Q: Is this sentence grammatical? Yes or No: Maria vede che le ragazze leggono il poema
A: ",Maria vede che le ragazze leggono il poema,No,Yes,,0
240,ita-r-2-subordinate,"We will give you examples of Italian sentences that follow or violate the rules of a shared grammar, along with labels 'Yes' or 'No'. You will then generate a label, 'Yes' or 'No', for a new unlabeled sentence that may follow or violate the same grammar rules.

Q: Is this sentence grammatical? Yes or No: Leela vede che gli insegnanti portano giornale il
A: No

Q: Is this sentence grammatical? Yes or No: Gomu dice che il cane tiene il giocattolo
A: Yes

Q: Is this sentence grammatical? Yes or No: Gomu osserva che il cane porta la bottiglia
A: Yes

Q: Is this sentence grammatical? Yes or No: Sheela dice che i cani tengono pesce il
A: No

Q: Is this sentence grammatical? Yes or No: Leela afferma che i cani mangiano pesce il
A: No

Q: Is this sentence grammatical? Yes or No: Tom dice che un' uomo tiene bottiglia una
A: No

Q: Is this sentence grammatical? Yes or No: Maria osserva che un' uomo porta cappello un
A: No

Q: Is this sentence grammatical? Yes or No: Sheela sa che i ragazzi portano il giocattolo
A: Yes

Q: Is this sentence grammatical? Yes or No: Leela afferma che gli insegnanti salgono scala la
A: No

Q: Is this sentence grammatical? Yes or No: Harry osserva che il cane porta la bottiglia
A: Yes

Q: Is this sentence grammatical? Yes or No: Gomu sa che ilcane scala l'albero
A: ",Gomu sa che ilcane scala l'albero,No,Yes,,0
241,ita-r-2-subordinate,"We will give you examples of Italian sentences that follow or violate the rules of a shared grammar, along with labels 'Yes' or 'No'. You will then generate a label, 'Yes' or 'No', for a new unlabeled sentence that may follow or violate the same grammar rules.

Q: Is this sentence grammatical? Yes or No: Leela vede che gli insegnanti portano il giornale
A: Yes

Q: Is this sentence grammatical? Yes or No: Gomu dice che il cane tiene giocattolo il
A: No

Q: Is this sentence grammatical? Yes or No: Gomu osserva che il cane porta bottiglia la
A: No

Q: Is this sentence grammatical? Yes or No: Sheela dice che i cani tengono pesce il
A: No

Q: Is this sentence grammatical? Yes or No: Leela afferma che i cani mangiano pesce il
A: No

Q: Is this sentence grammatical? Yes or No: Tom dice che un' uomo tiene bottiglia una
A: No

Q: Is this sentence grammatical? Yes or No: Maria osserva che un' uomo porta cappello un
A: No

Q: Is this sentence grammatical? Yes or No: Sheela sa che i ragazzi portano il giocattolo
A: Yes

Q: Is this sentence grammatical? Yes or No: Leela afferma che gli insegnanti salgono la scala
A: Yes

Q: Is this sentence grammatical? Yes or No: Harry osserva che il cane porta la bottiglia
A: Yes

Q: Is this sentence grammatical? Yes or No: Leela vede che il ragazzo prende bottiglia una
A: ",Leela vede che il ragazzo prende bottiglia una,No,No,,0
242,ita-r-2-subordinate,"We will give you examples of Italian sentences that follow or violate the rules of a shared grammar, along with labels 'Yes' or 'No'. You will then generate a label, 'Yes' or 'No', for a new unlabeled sentence that may follow or violate the same grammar rules.

Q: Is this sentence grammatical? Yes or No: Leela vede che gli insegnanti portano il giornale
A: Yes

Q: Is this sentence grammatical? Yes or No: Gomu dice che il cane tiene giocattolo il
A: No

Q: Is this sentence grammatical? Yes or No: Gomu osserva che il cane porta la bottiglia
A: Yes

Q: Is this sentence grammatical? Yes or No: Sheela dice che i cani tengono pesce il
A: No

Q: Is this sentence grammatical? Yes or No: Leela afferma che i cani mangiano pesce il
A: No

Q: Is this sentence grammatical? Yes or No: Tom dice che un' uomo tiene una bottiglia
A: Yes

Q: Is this sentence grammatical? Yes or No: Maria osserva che un' uomo porta un cappello
A: Yes

Q: Is this sentence grammatical? Yes or No: Sheela sa che i ragazzi portano il giocattolo
A: Yes

Q: Is this sentence grammatical? Yes or No: Leela afferma che gli insegnanti salgono scala la
A: No

Q: Is this sentence grammatical? Yes or No: Harry osserva che il cane porta la bottiglia
A: Yes

Q: Is this sentence grammatical? Yes or No: Maria vede che i ragazzi portano topo il
A: ",Maria vede che i ragazzi portano topo il,No,No,,0
243,ita-r-2-subordinate,"We will give you examples of Italian sentences that follow or violate the rules of a shared grammar, along with labels 'Yes' or 'No'. You will then generate a label, 'Yes' or 'No', for a new unlabeled sentence that may follow or violate the same grammar rules.

Q: Is this sentence grammatical? Yes or No: Leela vede che gli insegnanti portano il giornale
A: Yes

Q: Is this sentence grammatical? Yes or No: Gomu dice che il cane tiene il giocattolo
A: Yes

Q: Is this sentence grammatical? Yes or No: Gomu osserva che il cane porta la bottiglia
A: Yes

Q: Is this sentence grammatical? Yes or No: Sheela dice che i cani tengono pesce il
A: No

Q: Is this sentence grammatical? Yes or No: Leela afferma che i cani mangiano il pesce
A: Yes

Q: Is this sentence grammatical? Yes or No: Tom dice che un' uomo tiene bottiglia una
A: No

Q: Is this sentence grammatical? Yes or No: Maria osserva che un' uomo porta un cappello
A: Yes

Q: Is this sentence grammatical? Yes or No: Sheela sa che i ragazzi portano giocattolo il
A: No

Q: Is this sentence grammatical? Yes or No: Leela afferma che gli insegnanti salgono la scala
A: Yes

Q: Is this sentence grammatical? Yes or No: Harry osserva che il cane porta bottiglia la
A: No

Q: Is this sentence grammatical? Yes or No: John afferma che il gatto porta topo il
A: ",John afferma che il gatto porta topo il,No,No,,0
244,ita-r-2-subordinate,"We will give you examples of Italian sentences that follow or violate the rules of a shared grammar, along with labels 'Yes' or 'No'. You will then generate a label, 'Yes' or 'No', for a new unlabeled sentence that may follow or violate the same grammar rules.

Q: Is this sentence grammatical? Yes or No: Leela vede che gli insegnanti portano giornale il
A: No

Q: Is this sentence grammatical? Yes or No: Gomu dice che il cane tiene giocattolo il
A: No

Q: Is this sentence grammatical? Yes or No: Gomu osserva che il cane porta bottiglia la
A: No

Q: Is this sentence grammatical? Yes or No: Sheela dice che i cani tengono pesce il
A: No

Q: Is this sentence grammatical? Yes or No: Leela afferma che i cani mangiano pesce il
A: No

Q: Is this sentence grammatical? Yes or No: Tom dice che un' uomo tiene bottiglia una
A: No

Q: Is this sentence grammatical? Yes or No: Maria osserva che un' uomo porta un cappello
A: Yes

Q: Is this sentence grammatical? Yes or No: Sheela sa che i ragazzi portano il giocattolo
A: Yes

Q: Is this sentence grammatical? Yes or No: Leela afferma che gli insegnanti salgono la scala
A: Yes

Q: Is this sentence grammatical? Yes or No: Harry osserva che il cane porta bottiglia la
A: No

Q: Is this sentence grammatical? Yes or No: Maria vede che una donna porta giornale un
A: ",Maria vede che una donna porta giornale un,No,No,,0
245,ita-r-2-subordinate,"We will give you examples of Italian sentences that follow or violate the rules of a shared grammar, along with labels 'Yes' or 'No'. You will then generate a label, 'Yes' or 'No', for a new unlabeled sentence that may follow or violate the same grammar rules.

Q: Is this sentence grammatical? Yes or No: Leela vede che gli insegnanti portano giornale il
A: No

Q: Is this sentence grammatical? Yes or No: Gomu dice che il cane tiene il giocattolo
A: Yes

Q: Is this sentence grammatical? Yes or No: Gomu osserva che il cane porta bottiglia la
A: No

Q: Is this sentence grammatical? Yes or No: Sheela dice che i cani tengono il pesce
A: Yes

Q: Is this sentence grammatical? Yes or No: Leela afferma che i cani mangiano pesce il
A: No

Q: Is this sentence grammatical? Yes or No: Tom dice che un' uomo tiene una bottiglia
A: Yes

Q: Is this sentence grammatical? Yes or No: Maria osserva che un' uomo porta un cappello
A: Yes

Q: Is this sentence grammatical? Yes or No: Sheela sa che i ragazzi portano il giocattolo
A: Yes

Q: Is this sentence grammatical? Yes or No: Leela afferma che gli insegnanti salgono scala la
A: No

Q: Is this sentence grammatical? Yes or No: Harry osserva che il cane porta la bottiglia
A: Yes

Q: Is this sentence grammatical? Yes or No: John sa che i cani prendono giornale il
A: ",John sa che i cani prendono giornale il,No,No,,0
246,ita-r-2-subordinate,"We will give you examples of Italian sentences that follow or violate the rules of a shared grammar, along with labels 'Yes' or 'No'. You will then generate a label, 'Yes' or 'No', for a new unlabeled sentence that may follow or violate the same grammar rules.

Q: Is this sentence grammatical? Yes or No: Leela vede che gli insegnanti portano giornale il
A: No

Q: Is this sentence grammatical? Yes or No: Gomu dice che il cane tiene giocattolo il
A: No

Q: Is this sentence grammatical? Yes or No: Gomu osserva che il cane porta bottiglia la
A: No

Q: Is this sentence grammatical? Yes or No: Sheela dice che i cani tengono pesce il
A: No

Q: Is this sentence grammatical? Yes or No: Leela afferma che i cani mangiano il pesce
A: Yes

Q: Is this sentence grammatical? Yes or No: Tom dice che un' uomo tiene bottiglia una
A: No

Q: Is this sentence grammatical? Yes or No: Maria osserva che un' uomo porta un cappello
A: Yes

Q: Is this sentence grammatical? Yes or No: Sheela sa che i ragazzi portano il giocattolo
A: Yes

Q: Is this sentence grammatical? Yes or No: Leela afferma che gli insegnanti salgono la scala
A: Yes

Q: Is this sentence grammatical? Yes or No: Harry osserva che il cane porta la bottiglia
A: Yes

Q: Is this sentence grammatical? Yes or No: Tom dice che un cane scala roccia una
A: ",Tom dice che un cane scala roccia una,No,No,,0
247,ita-r-2-subordinate,"We will give you examples of Italian sentences that follow or violate the rules of a shared grammar, along with labels 'Yes' or 'No'. You will then generate a label, 'Yes' or 'No', for a new unlabeled sentence that may follow or violate the same grammar rules.

Q: Is this sentence grammatical? Yes or No: Leela vede che gli insegnanti portano il giornale
A: Yes

Q: Is this sentence grammatical? Yes or No: Gomu dice che il cane tiene giocattolo il
A: No

Q: Is this sentence grammatical? Yes or No: Gomu osserva che il cane porta la bottiglia
A: Yes

Q: Is this sentence grammatical? Yes or No: Sheela dice che i cani tengono pesce il
A: No

Q: Is this sentence grammatical? Yes or No: Leela afferma che i cani mangiano il pesce
A: Yes

Q: Is this sentence grammatical? Yes or No: Tom dice che un' uomo tiene una bottiglia
A: Yes

Q: Is this sentence grammatical? Yes or No: Maria osserva che un' uomo porta cappello un
A: No

Q: Is this sentence grammatical? Yes or No: Sheela sa che i ragazzi portano il giocattolo
A: Yes

Q: Is this sentence grammatical? Yes or No: Leela afferma che gli insegnanti salgono la scala
A: Yes

Q: Is this sentence grammatical? Yes or No: Harry osserva che il cane porta la bottiglia
A: Yes

Q: Is this sentence grammatical? Yes or No: Tom osserva che l'insegnante scala scala una
A: ",Tom osserva che l'insegnante scala scala una,No,No,,0
248,ita-r-2-subordinate,"We will give you examples of Italian sentences that follow or violate the rules of a shared grammar, along with labels 'Yes' or 'No'. You will then generate a label, 'Yes' or 'No', for a new unlabeled sentence that may follow or violate the same grammar rules.

Q: Is this sentence grammatical? Yes or No: Leela vede che gli insegnanti portano giornale il
A: No

Q: Is this sentence grammatical? Yes or No: Gomu dice che il cane tiene giocattolo il
A: No

Q: Is this sentence grammatical? Yes or No: Gomu osserva che il cane porta bottiglia la
A: No

Q: Is this sentence grammatical? Yes or No: Sheela dice che i cani tengono il pesce
A: Yes

Q: Is this sentence grammatical? Yes or No: Leela afferma che i cani mangiano pesce il
A: No

Q: Is this sentence grammatical? Yes or No: Tom dice che un' uomo tiene bottiglia una
A: No

Q: Is this sentence grammatical? Yes or No: Maria osserva che un' uomo porta un cappello
A: Yes

Q: Is this sentence grammatical? Yes or No: Sheela sa che i ragazzi portano giocattolo il
A: No

Q: Is this sentence grammatical? Yes or No: Leela afferma che gli insegnanti salgono la scala
A: Yes

Q: Is this sentence grammatical? Yes or No: Harry osserva che il cane porta bottiglia la
A: No

Q: Is this sentence grammatical? Yes or No: John afferma che il gatto porta pesce un
A: ",John afferma che il gatto porta pesce un,No,No,,0
249,ita-r-2-subordinate,"We will give you examples of Italian sentences that follow or violate the rules of a shared grammar, along with labels 'Yes' or 'No'. You will then generate a label, 'Yes' or 'No', for a new unlabeled sentence that may follow or violate the same grammar rules.

Q: Is this sentence grammatical? Yes or No: Leela vede che gli insegnanti portano il giornale
A: Yes

Q: Is this sentence grammatical? Yes or No: Gomu dice che il cane tiene giocattolo il
A: No

Q: Is this sentence grammatical? Yes or No: Gomu osserva che il cane porta bottiglia la
A: No

Q: Is this sentence grammatical? Yes or No: Sheela dice che i cani tengono pesce il
A: No

Q: Is this sentence grammatical? Yes or No: Leela afferma che i cani mangiano il pesce
A: Yes

Q: Is this sentence grammatical? Yes or No: Tom dice che un' uomo tiene una bottiglia
A: Yes

Q: Is this sentence grammatical? Yes or No: Maria osserva che un' uomo porta cappello un
A: No

Q: Is this sentence grammatical? Yes or No: Sheela sa che i ragazzi portano giocattolo il
A: No

Q: Is this sentence grammatical? Yes or No: Leela afferma che gli insegnanti salgono la scala
A: Yes

Q: Is this sentence grammatical? Yes or No: Harry osserva che il cane porta bottiglia la
A: No

Q: Is this sentence grammatical? Yes or No: Leela vede che la ragazza prende il pesce
A: ",Leela vede che la ragazza prende il pesce,Yes,Yes,,0
250,ita-r-2-subordinate,"We will give you examples of Italian sentences that follow or violate the rules of a shared grammar, along with labels 'Yes' or 'No'. You will then generate a label, 'Yes' or 'No', for a new unlabeled sentence that may follow or violate the same grammar rules.

Q: Is this sentence grammatical? Yes or No: Leela vede che gli insegnanti portano giornale il
A: No

Q: Is this sentence grammatical? Yes or No: Gomu dice che il cane tiene il giocattolo
A: Yes

Q: Is this sentence grammatical? Yes or No: Gomu osserva che il cane porta la bottiglia
A: Yes

Q: Is this sentence grammatical? Yes or No: Sheela dice che i cani tengono il pesce
A: Yes

Q: Is this sentence grammatical? Yes or No: Leela afferma che i cani mangiano pesce il
A: No

Q: Is this sentence grammatical? Yes or No: Tom dice che un' uomo tiene bottiglia una
A: No

Q: Is this sentence grammatical? Yes or No: Maria osserva che un' uomo porta cappello un
A: No

Q: Is this sentence grammatical? Yes or No: Sheela sa che i ragazzi portano il giocattolo
A: Yes

Q: Is this sentence grammatical? Yes or No: Leela afferma che gli insegnanti salgono scala la
A: No

Q: Is this sentence grammatical? Yes or No: Harry osserva che il cane porta bottiglia la
A: No

Q: Is this sentence grammatical? Yes or No: John osserva che il gatto porta cappello il
A: ",John osserva che il gatto porta cappello il,No,No,,0
251,ita-r-2-subordinate,"We will give you examples of Italian sentences that follow or violate the rules of a shared grammar, along with labels 'Yes' or 'No'. You will then generate a label, 'Yes' or 'No', for a new unlabeled sentence that may follow or violate the same grammar rules.

Q: Is this sentence grammatical? Yes or No: Leela vede che gli insegnanti portano giornale il
A: No

Q: Is this sentence grammatical? Yes or No: Gomu dice che il cane tiene giocattolo il
A: No

Q: Is this sentence grammatical? Yes or No: Gomu osserva che il cane porta la bottiglia
A: Yes

Q: Is this sentence grammatical? Yes or No: Sheela dice che i cani tengono il pesce
A: Yes

Q: Is this sentence grammatical? Yes or No: Leela afferma che i cani mangiano il pesce
A: Yes

Q: Is this sentence grammatical? Yes or No: Tom dice che un' uomo tiene una bottiglia
A: Yes

Q: Is this sentence grammatical? Yes or No: Maria osserva che un' uomo porta un cappello
A: Yes

Q: Is this sentence grammatical? Yes or No: Sheela sa che i ragazzi portano il giocattolo
A: Yes

Q: Is this sentence grammatical? Yes or No: Leela afferma che gli insegnanti salgono la scala
A: Yes

Q: Is this sentence grammatical? Yes or No: Harry osserva che il cane porta la bottiglia
A: Yes

Q: Is this sentence grammatical? Yes or No: John afferma che i ragazzi prendono il giocattolo
A: ",John afferma che i ragazzi prendono il giocattolo,Yes,Yes,,0
252,ita-r-2-subordinate,"We will give you examples of Italian sentences that follow or violate the rules of a shared grammar, along with labels 'Yes' or 'No'. You will then generate a label, 'Yes' or 'No', for a new unlabeled sentence that may follow or violate the same grammar rules.

Q: Is this sentence grammatical? Yes or No: Leela vede che gli insegnanti portano giornale il
A: No

Q: Is this sentence grammatical? Yes or No: Gomu dice che il cane tiene giocattolo il
A: No

Q: Is this sentence grammatical? Yes or No: Gomu osserva che il cane porta bottiglia la
A: No

Q: Is this sentence grammatical? Yes or No: Sheela dice che i cani tengono pesce il
A: No

Q: Is this sentence grammatical? Yes or No: Leela afferma che i cani mangiano pesce il
A: No

Q: Is this sentence grammatical? Yes or No: Tom dice che un' uomo tiene bottiglia una
A: No

Q: Is this sentence grammatical? Yes or No: Maria osserva che un' uomo porta cappello un
A: No

Q: Is this sentence grammatical? Yes or No: Sheela sa che i ragazzi portano il giocattolo
A: Yes

Q: Is this sentence grammatical? Yes or No: Leela afferma che gli insegnanti salgono la scala
A: Yes

Q: Is this sentence grammatical? Yes or No: Harry osserva che il cane porta la bottiglia
A: Yes

Q: Is this sentence grammatical? Yes or No: John afferma che una ragazza mangia pesce un
A: ",John afferma che una ragazza mangia pesce un,No,No,,0
253,ita-r-2-subordinate,"We will give you examples of Italian sentences that follow or violate the rules of a shared grammar, along with labels 'Yes' or 'No'. You will then generate a label, 'Yes' or 'No', for a new unlabeled sentence that may follow or violate the same grammar rules.

Q: Is this sentence grammatical? Yes or No: Leela vede che gli insegnanti portano giornale il
A: No

Q: Is this sentence grammatical? Yes or No: Gomu dice che il cane tiene il giocattolo
A: Yes

Q: Is this sentence grammatical? Yes or No: Gomu osserva che il cane porta bottiglia la
A: No

Q: Is this sentence grammatical? Yes or No: Sheela dice che i cani tengono il pesce
A: Yes

Q: Is this sentence grammatical? Yes or No: Leela afferma che i cani mangiano il pesce
A: Yes

Q: Is this sentence grammatical? Yes or No: Tom dice che un' uomo tiene una bottiglia
A: Yes

Q: Is this sentence grammatical? Yes or No: Maria osserva che un' uomo porta un cappello
A: Yes

Q: Is this sentence grammatical? Yes or No: Sheela sa che i ragazzi portano giocattolo il
A: No

Q: Is this sentence grammatical? Yes or No: Leela afferma che gli insegnanti salgono scala la
A: No

Q: Is this sentence grammatical? Yes or No: Harry osserva che il cane porta bottiglia la
A: No

Q: Is this sentence grammatical? Yes or No: Gomu osserva che i cani portano il gesso
A: ",Gomu osserva che i cani portano il gesso,Yes,Yes,,0
254,ita-r-2-subordinate,"We will give you examples of Italian sentences that follow or violate the rules of a shared grammar, along with labels 'Yes' or 'No'. You will then generate a label, 'Yes' or 'No', for a new unlabeled sentence that may follow or violate the same grammar rules.

Q: Is this sentence grammatical? Yes or No: Leela vede che gli insegnanti portano giornale il
A: No

Q: Is this sentence grammatical? Yes or No: Gomu dice che il cane tiene giocattolo il
A: No

Q: Is this sentence grammatical? Yes or No: Gomu osserva che il cane porta la bottiglia
A: Yes

Q: Is this sentence grammatical? Yes or No: Sheela dice che i cani tengono pesce il
A: No

Q: Is this sentence grammatical? Yes or No: Leela afferma che i cani mangiano pesce il
A: No

Q: Is this sentence grammatical? Yes or No: Tom dice che un' uomo tiene bottiglia una
A: No

Q: Is this sentence grammatical? Yes or No: Maria osserva che un' uomo porta un cappello
A: Yes

Q: Is this sentence grammatical? Yes or No: Sheela sa che i ragazzi portano il giocattolo
A: Yes

Q: Is this sentence grammatical? Yes or No: Leela afferma che gli insegnanti salgono scala la
A: No

Q: Is this sentence grammatical? Yes or No: Harry osserva che il cane porta la bottiglia
A: Yes

Q: Is this sentence grammatical? Yes or No: John sa che i ragazzi portano la tazza
A: ",John sa che i ragazzi portano la tazza,Yes,Yes,,0
255,ita-r-2-subordinate,"We will give you examples of Italian sentences that follow or violate the rules of a shared grammar, along with labels 'Yes' or 'No'. You will then generate a label, 'Yes' or 'No', for a new unlabeled sentence that may follow or violate the same grammar rules.

Q: Is this sentence grammatical? Yes or No: Leela vede che gli insegnanti portano giornale il
A: No

Q: Is this sentence grammatical? Yes or No: Gomu dice che il cane tiene giocattolo il
A: No

Q: Is this sentence grammatical? Yes or No: Gomu osserva che il cane porta la bottiglia
A: Yes

Q: Is this sentence grammatical? Yes or No: Sheela dice che i cani tengono il pesce
A: Yes

Q: Is this sentence grammatical? Yes or No: Leela afferma che i cani mangiano pesce il
A: No

Q: Is this sentence grammatical? Yes or No: Tom dice che un' uomo tiene bottiglia una
A: No

Q: Is this sentence grammatical? Yes or No: Maria osserva che un' uomo porta un cappello
A: Yes

Q: Is this sentence grammatical? Yes or No: Sheela sa che i ragazzi portano giocattolo il
A: No

Q: Is this sentence grammatical? Yes or No: Leela afferma che gli insegnanti salgono scala la
A: No

Q: Is this sentence grammatical? Yes or No: Harry osserva che il cane porta bottiglia la
A: No

Q: Is this sentence grammatical? Yes or No: Maria dice che i gatti tengono la tazza
A: ",Maria dice che i gatti tengono la tazza,No,Yes,,0
256,ita-r-2-subordinate,"We will give you examples of Italian sentences that follow or violate the rules of a shared grammar, along with labels 'Yes' or 'No'. You will then generate a label, 'Yes' or 'No', for a new unlabeled sentence that may follow or violate the same grammar rules.

Q: Is this sentence grammatical? Yes or No: Leela vede che gli insegnanti portano giornale il
A: No

Q: Is this sentence grammatical? Yes or No: Gomu dice che il cane tiene giocattolo il
A: No

Q: Is this sentence grammatical? Yes or No: Gomu osserva che il cane porta bottiglia la
A: No

Q: Is this sentence grammatical? Yes or No: Sheela dice che i cani tengono pesce il
A: No

Q: Is this sentence grammatical? Yes or No: Leela afferma che i cani mangiano il pesce
A: Yes

Q: Is this sentence grammatical? Yes or No: Tom dice che un' uomo tiene una bottiglia
A: Yes

Q: Is this sentence grammatical? Yes or No: Maria osserva che un' uomo porta cappello un
A: No

Q: Is this sentence grammatical? Yes or No: Sheela sa che i ragazzi portano il giocattolo
A: Yes

Q: Is this sentence grammatical? Yes or No: Leela afferma che gli insegnanti salgono scala la
A: No

Q: Is this sentence grammatical? Yes or No: Harry osserva che il cane porta bottiglia la
A: No

Q: Is this sentence grammatical? Yes or No: Tom afferma che una donna porta giornale il
A: ",Tom afferma che una donna porta giornale il,Yes,No,,0
257,ita-r-2-subordinate,"We will give you examples of Italian sentences that follow or violate the rules of a shared grammar, along with labels 'Yes' or 'No'. You will then generate a label, 'Yes' or 'No', for a new unlabeled sentence that may follow or violate the same grammar rules.

Q: Is this sentence grammatical? Yes or No: Leela vede che gli insegnanti portano giornale il
A: No

Q: Is this sentence grammatical? Yes or No: Gomu dice che il cane tiene il giocattolo
A: Yes

Q: Is this sentence grammatical? Yes or No: Gomu osserva che il cane porta bottiglia la
A: No

Q: Is this sentence grammatical? Yes or No: Sheela dice che i cani tengono pesce il
A: No

Q: Is this sentence grammatical? Yes or No: Leela afferma che i cani mangiano il pesce
A: Yes

Q: Is this sentence grammatical? Yes or No: Tom dice che un' uomo tiene bottiglia una
A: No

Q: Is this sentence grammatical? Yes or No: Maria osserva che un' uomo porta cappello un
A: No

Q: Is this sentence grammatical? Yes or No: Sheela sa che i ragazzi portano il giocattolo
A: Yes

Q: Is this sentence grammatical? Yes or No: Leela afferma che gli insegnanti salgono scala la
A: No

Q: Is this sentence grammatical? Yes or No: Harry osserva che il cane porta bottiglia la
A: No

Q: Is this sentence grammatical? Yes or No: Harry dice che il gatto mangia pesce il
A: ",Harry dice che il gatto mangia pesce il,No,No,,0
258,ita-r-2-subordinate,"We will give you examples of Italian sentences that follow or violate the rules of a shared grammar, along with labels 'Yes' or 'No'. You will then generate a label, 'Yes' or 'No', for a new unlabeled sentence that may follow or violate the same grammar rules.

Q: Is this sentence grammatical? Yes or No: Leela vede che gli insegnanti portano il giornale
A: Yes

Q: Is this sentence grammatical? Yes or No: Gomu dice che il cane tiene il giocattolo
A: Yes

Q: Is this sentence grammatical? Yes or No: Gomu osserva che il cane porta bottiglia la
A: No

Q: Is this sentence grammatical? Yes or No: Sheela dice che i cani tengono il pesce
A: Yes

Q: Is this sentence grammatical? Yes or No: Leela afferma che i cani mangiano il pesce
A: Yes

Q: Is this sentence grammatical? Yes or No: Tom dice che un' uomo tiene bottiglia una
A: No

Q: Is this sentence grammatical? Yes or No: Maria osserva che un' uomo porta un cappello
A: Yes

Q: Is this sentence grammatical? Yes or No: Sheela sa che i ragazzi portano giocattolo il
A: No

Q: Is this sentence grammatical? Yes or No: Leela afferma che gli insegnanti salgono scala la
A: No

Q: Is this sentence grammatical? Yes or No: Harry osserva che il cane porta la bottiglia
A: Yes

Q: Is this sentence grammatical? Yes or No: Gomu sa che una donna prende il gesso
A: ",Gomu sa che una donna prende il gesso,No,Yes,,0
259,ita-r-2-subordinate,"We will give you examples of Italian sentences that follow or violate the rules of a shared grammar, along with labels 'Yes' or 'No'. You will then generate a label, 'Yes' or 'No', for a new unlabeled sentence that may follow or violate the same grammar rules.

Q: Is this sentence grammatical? Yes or No: Leela vede che gli insegnanti portano il giornale
A: Yes

Q: Is this sentence grammatical? Yes or No: Gomu dice che il cane tiene giocattolo il
A: No

Q: Is this sentence grammatical? Yes or No: Gomu osserva che il cane porta bottiglia la
A: No

Q: Is this sentence grammatical? Yes or No: Sheela dice che i cani tengono pesce il
A: No

Q: Is this sentence grammatical? Yes or No: Leela afferma che i cani mangiano il pesce
A: Yes

Q: Is this sentence grammatical? Yes or No: Tom dice che un' uomo tiene una bottiglia
A: Yes

Q: Is this sentence grammatical? Yes or No: Maria osserva che un' uomo porta un cappello
A: Yes

Q: Is this sentence grammatical? Yes or No: Sheela sa che i ragazzi portano il giocattolo
A: Yes

Q: Is this sentence grammatical? Yes or No: Leela afferma che gli insegnanti salgono scala la
A: No

Q: Is this sentence grammatical? Yes or No: Harry osserva che il cane porta bottiglia la
A: No

Q: Is this sentence grammatical? Yes or No: John sa che una donna tiene il pesce
A: ",John sa che una donna tiene il pesce,Yes,Yes,,0
260,ita-r-2-subordinate,"We will give you examples of Italian sentences that follow or violate the rules of a shared grammar, along with labels 'Yes' or 'No'. You will then generate a label, 'Yes' or 'No', for a new unlabeled sentence that may follow or violate the same grammar rules.

Q: Is this sentence grammatical? Yes or No: Leela vede che gli insegnanti portano il giornale
A: Yes

Q: Is this sentence grammatical? Yes or No: Gomu dice che il cane tiene giocattolo il
A: No

Q: Is this sentence grammatical? Yes or No: Gomu osserva che il cane porta la bottiglia
A: Yes

Q: Is this sentence grammatical? Yes or No: Sheela dice che i cani tengono pesce il
A: No

Q: Is this sentence grammatical? Yes or No: Leela afferma che i cani mangiano pesce il
A: No

Q: Is this sentence grammatical? Yes or No: Tom dice che un' uomo tiene bottiglia una
A: No

Q: Is this sentence grammatical? Yes or No: Maria osserva che un' uomo porta un cappello
A: Yes

Q: Is this sentence grammatical? Yes or No: Sheela sa che i ragazzi portano il giocattolo
A: Yes

Q: Is this sentence grammatical? Yes or No: Leela afferma che gli insegnanti salgono la scala
A: Yes

Q: Is this sentence grammatical? Yes or No: Harry osserva che il cane porta la bottiglia
A: Yes

Q: Is this sentence grammatical? Yes or No: Harry vede che il gatto prende un topo
A: ",Harry vede che il gatto prende un topo,Yes,Yes,,0
261,ita-r-2-subordinate,"We will give you examples of Italian sentences that follow or violate the rules of a shared grammar, along with labels 'Yes' or 'No'. You will then generate a label, 'Yes' or 'No', for a new unlabeled sentence that may follow or violate the same grammar rules.

Q: Is this sentence grammatical? Yes or No: Leela vede che gli insegnanti portano il giornale
A: Yes

Q: Is this sentence grammatical? Yes or No: Gomu dice che il cane tiene il giocattolo
A: Yes

Q: Is this sentence grammatical? Yes or No: Gomu osserva che il cane porta la bottiglia
A: Yes

Q: Is this sentence grammatical? Yes or No: Sheela dice che i cani tengono pesce il
A: No

Q: Is this sentence grammatical? Yes or No: Leela afferma che i cani mangiano pesce il
A: No

Q: Is this sentence grammatical? Yes or No: Tom dice che un' uomo tiene una bottiglia
A: Yes

Q: Is this sentence grammatical? Yes or No: Maria osserva che un' uomo porta cappello un
A: No

Q: Is this sentence grammatical? Yes or No: Sheela sa che i ragazzi portano giocattolo il
A: No

Q: Is this sentence grammatical? Yes or No: Leela afferma che gli insegnanti salgono la scala
A: Yes

Q: Is this sentence grammatical? Yes or No: Harry osserva che il cane porta bottiglia la
A: No

Q: Is this sentence grammatical? Yes or No: Tom afferma che le donne tengono il giocattolo
A: ",Tom afferma che le donne tengono il giocattolo,No,Yes,,0
262,ita-r-2-subordinate,"We will give you examples of Italian sentences that follow or violate the rules of a shared grammar, along with labels 'Yes' or 'No'. You will then generate a label, 'Yes' or 'No', for a new unlabeled sentence that may follow or violate the same grammar rules.

Q: Is this sentence grammatical? Yes or No: Leela vede che gli insegnanti portano il giornale
A: Yes

Q: Is this sentence grammatical? Yes or No: Gomu dice che il cane tiene giocattolo il
A: No

Q: Is this sentence grammatical? Yes or No: Gomu osserva che il cane porta bottiglia la
A: No

Q: Is this sentence grammatical? Yes or No: Sheela dice che i cani tengono pesce il
A: No

Q: Is this sentence grammatical? Yes or No: Leela afferma che i cani mangiano pesce il
A: No

Q: Is this sentence grammatical? Yes or No: Tom dice che un' uomo tiene bottiglia una
A: No

Q: Is this sentence grammatical? Yes or No: Maria osserva che un' uomo porta un cappello
A: Yes

Q: Is this sentence grammatical? Yes or No: Sheela sa che i ragazzi portano giocattolo il
A: No

Q: Is this sentence grammatical? Yes or No: Leela afferma che gli insegnanti salgono scala la
A: No

Q: Is this sentence grammatical? Yes or No: Harry osserva che il cane porta la bottiglia
A: Yes

Q: Is this sentence grammatical? Yes or No: Leela afferma che l'insegnante porta il cappello
A: ",Leela afferma che l'insegnante porta il cappello,No,Yes,,0
263,ita-r-2-subordinate,"We will give you examples of Italian sentences that follow or violate the rules of a shared grammar, along with labels 'Yes' or 'No'. You will then generate a label, 'Yes' or 'No', for a new unlabeled sentence that may follow or violate the same grammar rules.

Q: Is this sentence grammatical? Yes or No: Leela vede che gli insegnanti portano giornale il
A: No

Q: Is this sentence grammatical? Yes or No: Gomu dice che il cane tiene giocattolo il
A: No

Q: Is this sentence grammatical? Yes or No: Gomu osserva che il cane porta bottiglia la
A: No

Q: Is this sentence grammatical? Yes or No: Sheela dice che i cani tengono il pesce
A: Yes

Q: Is this sentence grammatical? Yes or No: Leela afferma che i cani mangiano il pesce
A: Yes

Q: Is this sentence grammatical? Yes or No: Tom dice che un' uomo tiene bottiglia una
A: No

Q: Is this sentence grammatical? Yes or No: Maria osserva che un' uomo porta un cappello
A: Yes

Q: Is this sentence grammatical? Yes or No: Sheela sa che i ragazzi portano giocattolo il
A: No

Q: Is this sentence grammatical? Yes or No: Leela afferma che gli insegnanti salgono scala la
A: No

Q: Is this sentence grammatical? Yes or No: Harry osserva che il cane porta la bottiglia
A: Yes

Q: Is this sentence grammatical? Yes or No: Tom osserva che il gatto tiene il giornale
A: ",Tom osserva che il gatto tiene il giornale,No,Yes,,0
264,ita-r-2-subordinate,"We will give you examples of Italian sentences that follow or violate the rules of a shared grammar, along with labels 'Yes' or 'No'. You will then generate a label, 'Yes' or 'No', for a new unlabeled sentence that may follow or violate the same grammar rules.

Q: Is this sentence grammatical? Yes or No: Leela vede che gli insegnanti portano giornale il
A: No

Q: Is this sentence grammatical? Yes or No: Gomu dice che il cane tiene il giocattolo
A: Yes

Q: Is this sentence grammatical? Yes or No: Gomu osserva che il cane porta bottiglia la
A: No

Q: Is this sentence grammatical? Yes or No: Sheela dice che i cani tengono pesce il
A: No

Q: Is this sentence grammatical? Yes or No: Leela afferma che i cani mangiano pesce il
A: No

Q: Is this sentence grammatical? Yes or No: Tom dice che un' uomo tiene bottiglia una
A: No

Q: Is this sentence grammatical? Yes or No: Maria osserva che un' uomo porta cappello un
A: No

Q: Is this sentence grammatical? Yes or No: Sheela sa che i ragazzi portano giocattolo il
A: No

Q: Is this sentence grammatical? Yes or No: Leela afferma che gli insegnanti salgono la scala
A: Yes

Q: Is this sentence grammatical? Yes or No: Harry osserva che il cane porta bottiglia la
A: No

Q: Is this sentence grammatical? Yes or No: Maria afferma che gli insegnanti portano il gesso
A: ",Maria afferma che gli insegnanti portano il gesso,No,Yes,,0
265,ita-r-2-subordinate,"We will give you examples of Italian sentences that follow or violate the rules of a shared grammar, along with labels 'Yes' or 'No'. You will then generate a label, 'Yes' or 'No', for a new unlabeled sentence that may follow or violate the same grammar rules.

Q: Is this sentence grammatical? Yes or No: Leela vede che gli insegnanti portano giornale il
A: No

Q: Is this sentence grammatical? Yes or No: Gomu dice che il cane tiene giocattolo il
A: No

Q: Is this sentence grammatical? Yes or No: Gomu osserva che il cane porta la bottiglia
A: Yes

Q: Is this sentence grammatical? Yes or No: Sheela dice che i cani tengono pesce il
A: No

Q: Is this sentence grammatical? Yes or No: Leela afferma che i cani mangiano il pesce
A: Yes

Q: Is this sentence grammatical? Yes or No: Tom dice che un' uomo tiene bottiglia una
A: No

Q: Is this sentence grammatical? Yes or No: Maria osserva che un' uomo porta cappello un
A: No

Q: Is this sentence grammatical? Yes or No: Sheela sa che i ragazzi portano giocattolo il
A: No

Q: Is this sentence grammatical? Yes or No: Leela afferma che gli insegnanti salgono scala la
A: No

Q: Is this sentence grammatical? Yes or No: Harry osserva che il cane porta bottiglia la
A: No

Q: Is this sentence grammatical? Yes or No: Leela vede che gli insegnanti portano il cappello
A: ",Leela vede che gli insegnanti portano il cappello,No,Yes,,0
266,ita-r-2-subordinate,"We will give you examples of Italian sentences that follow or violate the rules of a shared grammar, along with labels 'Yes' or 'No'. You will then generate a label, 'Yes' or 'No', for a new unlabeled sentence that may follow or violate the same grammar rules.

Q: Is this sentence grammatical? Yes or No: Leela vede che gli insegnanti portano giornale il
A: No

Q: Is this sentence grammatical? Yes or No: Gomu dice che il cane tiene il giocattolo
A: Yes

Q: Is this sentence grammatical? Yes or No: Gomu osserva che il cane porta la bottiglia
A: Yes

Q: Is this sentence grammatical? Yes or No: Sheela dice che i cani tengono pesce il
A: No

Q: Is this sentence grammatical? Yes or No: Leela afferma che i cani mangiano il pesce
A: Yes

Q: Is this sentence grammatical? Yes or No: Tom dice che un' uomo tiene una bottiglia
A: Yes

Q: Is this sentence grammatical? Yes or No: Maria osserva che un' uomo porta un cappello
A: Yes

Q: Is this sentence grammatical? Yes or No: Sheela sa che i ragazzi portano giocattolo il
A: No

Q: Is this sentence grammatical? Yes or No: Leela afferma che gli insegnanti salgono scala la
A: No

Q: Is this sentence grammatical? Yes or No: Harry osserva che il cane porta la bottiglia
A: Yes

Q: Is this sentence grammatical? Yes or No: Tom afferma che i ragazzi portano il pesce
A: ",Tom afferma che i ragazzi portano il pesce,Yes,Yes,,0
267,ita-r-2-subordinate,"We will give you examples of Italian sentences that follow or violate the rules of a shared grammar, along with labels 'Yes' or 'No'. You will then generate a label, 'Yes' or 'No', for a new unlabeled sentence that may follow or violate the same grammar rules.

Q: Is this sentence grammatical? Yes or No: Leela vede che gli insegnanti portano il giornale
A: Yes

Q: Is this sentence grammatical? Yes or No: Gomu dice che il cane tiene giocattolo il
A: No

Q: Is this sentence grammatical? Yes or No: Gomu osserva che il cane porta la bottiglia
A: Yes

Q: Is this sentence grammatical? Yes or No: Sheela dice che i cani tengono pesce il
A: No

Q: Is this sentence grammatical? Yes or No: Leela afferma che i cani mangiano pesce il
A: No

Q: Is this sentence grammatical? Yes or No: Tom dice che un' uomo tiene una bottiglia
A: Yes

Q: Is this sentence grammatical? Yes or No: Maria osserva che un' uomo porta un cappello
A: Yes

Q: Is this sentence grammatical? Yes or No: Sheela sa che i ragazzi portano il giocattolo
A: Yes

Q: Is this sentence grammatical? Yes or No: Leela afferma che gli insegnanti salgono scala la
A: No

Q: Is this sentence grammatical? Yes or No: Harry osserva che il cane porta bottiglia la
A: No

Q: Is this sentence grammatical? Yes or No: Tom sa che i ragazzi leggono il capitolo
A: ",Tom sa che i ragazzi leggono il capitolo,Yes,Yes,,0
268,ita-r-2-subordinate,"We will give you examples of Italian sentences that follow or violate the rules of a shared grammar, along with labels 'Yes' or 'No'. You will then generate a label, 'Yes' or 'No', for a new unlabeled sentence that may follow or violate the same grammar rules.

Q: Is this sentence grammatical? Yes or No: Leela vede che gli insegnanti portano il giornale
A: Yes

Q: Is this sentence grammatical? Yes or No: Gomu dice che il cane tiene giocattolo il
A: No

Q: Is this sentence grammatical? Yes or No: Gomu osserva che il cane porta bottiglia la
A: No

Q: Is this sentence grammatical? Yes or No: Sheela dice che i cani tengono il pesce
A: Yes

Q: Is this sentence grammatical? Yes or No: Leela afferma che i cani mangiano pesce il
A: No

Q: Is this sentence grammatical? Yes or No: Tom dice che un' uomo tiene bottiglia una
A: No

Q: Is this sentence grammatical? Yes or No: Maria osserva che un' uomo porta un cappello
A: Yes

Q: Is this sentence grammatical? Yes or No: Sheela sa che i ragazzi portano giocattolo il
A: No

Q: Is this sentence grammatical? Yes or No: Leela afferma che gli insegnanti salgono la scala
A: Yes

Q: Is this sentence grammatical? Yes or No: Harry osserva che il cane porta bottiglia la
A: No

Q: Is this sentence grammatical? Yes or No: Maria sa che una ragazza scala collina una
A: ",Maria sa che una ragazza scala collina una,No,No,,0
269,ita-r-2-subordinate,"We will give you examples of Italian sentences that follow or violate the rules of a shared grammar, along with labels 'Yes' or 'No'. You will then generate a label, 'Yes' or 'No', for a new unlabeled sentence that may follow or violate the same grammar rules.

Q: Is this sentence grammatical? Yes or No: Leela vede che gli insegnanti portano il giornale
A: Yes

Q: Is this sentence grammatical? Yes or No: Gomu dice che il cane tiene il giocattolo
A: Yes

Q: Is this sentence grammatical? Yes or No: Gomu osserva che il cane porta bottiglia la
A: No

Q: Is this sentence grammatical? Yes or No: Sheela dice che i cani tengono pesce il
A: No

Q: Is this sentence grammatical? Yes or No: Leela afferma che i cani mangiano il pesce
A: Yes

Q: Is this sentence grammatical? Yes or No: Tom dice che un' uomo tiene una bottiglia
A: Yes

Q: Is this sentence grammatical? Yes or No: Maria osserva che un' uomo porta cappello un
A: No

Q: Is this sentence grammatical? Yes or No: Sheela sa che i ragazzi portano il giocattolo
A: Yes

Q: Is this sentence grammatical? Yes or No: Leela afferma che gli insegnanti salgono scala la
A: No

Q: Is this sentence grammatical? Yes or No: Harry osserva che il cane porta bottiglia la
A: No

Q: Is this sentence grammatical? Yes or No: Tom dice che le ragazze prendono bottiglia la
A: ",Tom dice che le ragazze prendono bottiglia la,No,No,,0
270,ita-r-2-subordinate,"We will give you examples of Italian sentences that follow or violate the rules of a shared grammar, along with labels 'Yes' or 'No'. You will then generate a label, 'Yes' or 'No', for a new unlabeled sentence that may follow or violate the same grammar rules.

Q: Is this sentence grammatical? Yes or No: Leela vede che gli insegnanti portano il giornale
A: Yes

Q: Is this sentence grammatical? Yes or No: Gomu dice che il cane tiene il giocattolo
A: Yes

Q: Is this sentence grammatical? Yes or No: Gomu osserva che il cane porta bottiglia la
A: No

Q: Is this sentence grammatical? Yes or No: Sheela dice che i cani tengono pesce il
A: No

Q: Is this sentence grammatical? Yes or No: Leela afferma che i cani mangiano pesce il
A: No

Q: Is this sentence grammatical? Yes or No: Tom dice che un' uomo tiene una bottiglia
A: Yes

Q: Is this sentence grammatical? Yes or No: Maria osserva che un' uomo porta un cappello
A: Yes

Q: Is this sentence grammatical? Yes or No: Sheela sa che i ragazzi portano il giocattolo
A: Yes

Q: Is this sentence grammatical? Yes or No: Leela afferma che gli insegnanti salgono scala la
A: No

Q: Is this sentence grammatical? Yes or No: Harry osserva che il cane porta la bottiglia
A: Yes

Q: Is this sentence grammatical? Yes or No: Leela vede che gli insegnanti prendono scatola la
A: ",Leela vede che gli insegnanti prendono scatola la,No,No,,0
271,ita-r-2-subordinate,"We will give you examples of Italian sentences that follow or violate the rules of a shared grammar, along with labels 'Yes' or 'No'. You will then generate a label, 'Yes' or 'No', for a new unlabeled sentence that may follow or violate the same grammar rules.

Q: Is this sentence grammatical? Yes or No: Leela vede che gli insegnanti portano il giornale
A: Yes

Q: Is this sentence grammatical? Yes or No: Gomu dice che il cane tiene il giocattolo
A: Yes

Q: Is this sentence grammatical? Yes or No: Gomu osserva che il cane porta la bottiglia
A: Yes

Q: Is this sentence grammatical? Yes or No: Sheela dice che i cani tengono pesce il
A: No

Q: Is this sentence grammatical? Yes or No: Leela afferma che i cani mangiano il pesce
A: Yes

Q: Is this sentence grammatical? Yes or No: Tom dice che un' uomo tiene bottiglia una
A: No

Q: Is this sentence grammatical? Yes or No: Maria osserva che un' uomo porta cappello un
A: No

Q: Is this sentence grammatical? Yes or No: Sheela sa che i ragazzi portano il giocattolo
A: Yes

Q: Is this sentence grammatical? Yes or No: Leela afferma che gli insegnanti salgono scala la
A: No

Q: Is this sentence grammatical? Yes or No: Harry osserva che il cane porta bottiglia la
A: No

Q: Is this sentence grammatical? Yes or No: Sheela afferma che l'insegnante porta la bottiglia
A: ",Sheela afferma che l'insegnante porta la bottiglia,Yes,Yes,,0
272,ita-r-2-subordinate,"We will give you examples of Italian sentences that follow or violate the rules of a shared grammar, along with labels 'Yes' or 'No'. You will then generate a label, 'Yes' or 'No', for a new unlabeled sentence that may follow or violate the same grammar rules.

Q: Is this sentence grammatical? Yes or No: Leela vede che gli insegnanti portano giornale il
A: No

Q: Is this sentence grammatical? Yes or No: Gomu dice che il cane tiene il giocattolo
A: Yes

Q: Is this sentence grammatical? Yes or No: Gomu osserva che il cane porta la bottiglia
A: Yes

Q: Is this sentence grammatical? Yes or No: Sheela dice che i cani tengono pesce il
A: No

Q: Is this sentence grammatical? Yes or No: Leela afferma che i cani mangiano pesce il
A: No

Q: Is this sentence grammatical? Yes or No: Tom dice che un' uomo tiene una bottiglia
A: Yes

Q: Is this sentence grammatical? Yes or No: Maria osserva che un' uomo porta cappello un
A: No

Q: Is this sentence grammatical? Yes or No: Sheela sa che i ragazzi portano il giocattolo
A: Yes

Q: Is this sentence grammatical? Yes or No: Leela afferma che gli insegnanti salgono scala la
A: No

Q: Is this sentence grammatical? Yes or No: Harry osserva che il cane porta bottiglia la
A: No

Q: Is this sentence grammatical? Yes or No: Gomu dice che i gatti tengono il cappello
A: ",Gomu dice che i gatti tengono il cappello,No,Yes,,0
273,ita-r-2-subordinate,"We will give you examples of Italian sentences that follow or violate the rules of a shared grammar, along with labels 'Yes' or 'No'. You will then generate a label, 'Yes' or 'No', for a new unlabeled sentence that may follow or violate the same grammar rules.

Q: Is this sentence grammatical? Yes or No: Leela vede che gli insegnanti portano il giornale
A: Yes

Q: Is this sentence grammatical? Yes or No: Gomu dice che il cane tiene il giocattolo
A: Yes

Q: Is this sentence grammatical? Yes or No: Gomu osserva che il cane porta bottiglia la
A: No

Q: Is this sentence grammatical? Yes or No: Sheela dice che i cani tengono il pesce
A: Yes

Q: Is this sentence grammatical? Yes or No: Leela afferma che i cani mangiano pesce il
A: No

Q: Is this sentence grammatical? Yes or No: Tom dice che un' uomo tiene una bottiglia
A: Yes

Q: Is this sentence grammatical? Yes or No: Maria osserva che un' uomo porta cappello un
A: No

Q: Is this sentence grammatical? Yes or No: Sheela sa che i ragazzi portano giocattolo il
A: No

Q: Is this sentence grammatical? Yes or No: Leela afferma che gli insegnanti salgono scala la
A: No

Q: Is this sentence grammatical? Yes or No: Harry osserva che il cane porta la bottiglia
A: Yes

Q: Is this sentence grammatical? Yes or No: John afferma che gli insegnanti mangiano biscotto il
A: ",John afferma che gli insegnanti mangiano biscotto il,No,No,,0
274,ita-r-2-subordinate,"We will give you examples of Italian sentences that follow or violate the rules of a shared grammar, along with labels 'Yes' or 'No'. You will then generate a label, 'Yes' or 'No', for a new unlabeled sentence that may follow or violate the same grammar rules.

Q: Is this sentence grammatical? Yes or No: Leela vede che gli insegnanti portano giornale il
A: No

Q: Is this sentence grammatical? Yes or No: Gomu dice che il cane tiene il giocattolo
A: Yes

Q: Is this sentence grammatical? Yes or No: Gomu osserva che il cane porta la bottiglia
A: Yes

Q: Is this sentence grammatical? Yes or No: Sheela dice che i cani tengono il pesce
A: Yes

Q: Is this sentence grammatical? Yes or No: Leela afferma che i cani mangiano il pesce
A: Yes

Q: Is this sentence grammatical? Yes or No: Tom dice che un' uomo tiene bottiglia una
A: No

Q: Is this sentence grammatical? Yes or No: Maria osserva che un' uomo porta cappello un
A: No

Q: Is this sentence grammatical? Yes or No: Sheela sa che i ragazzi portano giocattolo il
A: No

Q: Is this sentence grammatical? Yes or No: Leela afferma che gli insegnanti salgono la scala
A: Yes

Q: Is this sentence grammatical? Yes or No: Harry osserva che il cane porta la bottiglia
A: Yes

Q: Is this sentence grammatical? Yes or No: Harry dice che l'insegnante porta giornale un
A: ",Harry dice che l'insegnante porta giornale un,No,No,,0
275,ita-r-2-subordinate,"We will give you examples of Italian sentences that follow or violate the rules of a shared grammar, along with labels 'Yes' or 'No'. You will then generate a label, 'Yes' or 'No', for a new unlabeled sentence that may follow or violate the same grammar rules.

Q: Is this sentence grammatical? Yes or No: Leela vede che gli insegnanti portano giornale il
A: No

Q: Is this sentence grammatical? Yes or No: Gomu dice che il cane tiene il giocattolo
A: Yes

Q: Is this sentence grammatical? Yes or No: Gomu osserva che il cane porta bottiglia la
A: No

Q: Is this sentence grammatical? Yes or No: Sheela dice che i cani tengono il pesce
A: Yes

Q: Is this sentence grammatical? Yes or No: Leela afferma che i cani mangiano pesce il
A: No

Q: Is this sentence grammatical? Yes or No: Tom dice che un' uomo tiene una bottiglia
A: Yes

Q: Is this sentence grammatical? Yes or No: Maria osserva che un' uomo porta un cappello
A: Yes

Q: Is this sentence grammatical? Yes or No: Sheela sa che i ragazzi portano giocattolo il
A: No

Q: Is this sentence grammatical? Yes or No: Leela afferma che gli insegnanti salgono scala la
A: No

Q: Is this sentence grammatical? Yes or No: Harry osserva che il cane porta bottiglia la
A: No

Q: Is this sentence grammatical? Yes or No: Maria osserva che i ragazzi prendono gesso il
A: ",Maria osserva che i ragazzi prendono gesso il,No,No,,0
276,ita-r-2-subordinate,"We will give you examples of Italian sentences that follow or violate the rules of a shared grammar, along with labels 'Yes' or 'No'. You will then generate a label, 'Yes' or 'No', for a new unlabeled sentence that may follow or violate the same grammar rules.

Q: Is this sentence grammatical? Yes or No: Leela vede che gli insegnanti portano giornale il
A: No

Q: Is this sentence grammatical? Yes or No: Gomu dice che il cane tiene il giocattolo
A: Yes

Q: Is this sentence grammatical? Yes or No: Gomu osserva che il cane porta bottiglia la
A: No

Q: Is this sentence grammatical? Yes or No: Sheela dice che i cani tengono il pesce
A: Yes

Q: Is this sentence grammatical? Yes or No: Leela afferma che i cani mangiano pesce il
A: No

Q: Is this sentence grammatical? Yes or No: Tom dice che un' uomo tiene una bottiglia
A: Yes

Q: Is this sentence grammatical? Yes or No: Maria osserva che un' uomo porta un cappello
A: Yes

Q: Is this sentence grammatical? Yes or No: Sheela sa che i ragazzi portano il giocattolo
A: Yes

Q: Is this sentence grammatical? Yes or No: Leela afferma che gli insegnanti salgono la scala
A: Yes

Q: Is this sentence grammatical? Yes or No: Harry osserva che il cane porta la bottiglia
A: Yes

Q: Is this sentence grammatical? Yes or No: Maria dice che una ragazza legge poema il
A: ",Maria dice che una ragazza legge poema il,No,No,,0
277,ita-r-2-subordinate,"We will give you examples of Italian sentences that follow or violate the rules of a shared grammar, along with labels 'Yes' or 'No'. You will then generate a label, 'Yes' or 'No', for a new unlabeled sentence that may follow or violate the same grammar rules.

Q: Is this sentence grammatical? Yes or No: Leela vede che gli insegnanti portano il giornale
A: Yes

Q: Is this sentence grammatical? Yes or No: Gomu dice che il cane tiene giocattolo il
A: No

Q: Is this sentence grammatical? Yes or No: Gomu osserva che il cane porta la bottiglia
A: Yes

Q: Is this sentence grammatical? Yes or No: Sheela dice che i cani tengono il pesce
A: Yes

Q: Is this sentence grammatical? Yes or No: Leela afferma che i cani mangiano il pesce
A: Yes

Q: Is this sentence grammatical? Yes or No: Tom dice che un' uomo tiene bottiglia una
A: No

Q: Is this sentence grammatical? Yes or No: Maria osserva che un' uomo porta un cappello
A: Yes

Q: Is this sentence grammatical? Yes or No: Sheela sa che i ragazzi portano giocattolo il
A: No

Q: Is this sentence grammatical? Yes or No: Leela afferma che gli insegnanti salgono la scala
A: Yes

Q: Is this sentence grammatical? Yes or No: Harry osserva che il cane porta la bottiglia
A: Yes

Q: Is this sentence grammatical? Yes or No: Leela vede che gli insegnanti prendono giornale il
A: ",Leela vede che gli insegnanti prendono giornale il,No,No,,0
278,ita-r-2-subordinate,"We will give you examples of Italian sentences that follow or violate the rules of a shared grammar, along with labels 'Yes' or 'No'. You will then generate a label, 'Yes' or 'No', for a new unlabeled sentence that may follow or violate the same grammar rules.

Q: Is this sentence grammatical? Yes or No: Leela vede che gli insegnanti portano il giornale
A: Yes

Q: Is this sentence grammatical? Yes or No: Gomu dice che il cane tiene giocattolo il
A: No

Q: Is this sentence grammatical? Yes or No: Gomu osserva che il cane porta la bottiglia
A: Yes

Q: Is this sentence grammatical? Yes or No: Sheela dice che i cani tengono pesce il
A: No

Q: Is this sentence grammatical? Yes or No: Leela afferma che i cani mangiano pesce il
A: No

Q: Is this sentence grammatical? Yes or No: Tom dice che un' uomo tiene bottiglia una
A: No

Q: Is this sentence grammatical? Yes or No: Maria osserva che un' uomo porta cappello un
A: No

Q: Is this sentence grammatical? Yes or No: Sheela sa che i ragazzi portano il giocattolo
A: Yes

Q: Is this sentence grammatical? Yes or No: Leela afferma che gli insegnanti salgono la scala
A: Yes

Q: Is this sentence grammatical? Yes or No: Harry osserva che il cane porta bottiglia la
A: No

Q: Is this sentence grammatical? Yes or No: Gomu dice che una donna porta un cappello
A: ",Gomu dice che una donna porta un cappello,No,Yes,,0
279,ita-r-2-subordinate,"We will give you examples of Italian sentences that follow or violate the rules of a shared grammar, along with labels 'Yes' or 'No'. You will then generate a label, 'Yes' or 'No', for a new unlabeled sentence that may follow or violate the same grammar rules.

Q: Is this sentence grammatical? Yes or No: Leela vede che gli insegnanti portano il giornale
A: Yes

Q: Is this sentence grammatical? Yes or No: Gomu dice che il cane tiene il giocattolo
A: Yes

Q: Is this sentence grammatical? Yes or No: Gomu osserva che il cane porta la bottiglia
A: Yes

Q: Is this sentence grammatical? Yes or No: Sheela dice che i cani tengono pesce il
A: No

Q: Is this sentence grammatical? Yes or No: Leela afferma che i cani mangiano il pesce
A: Yes

Q: Is this sentence grammatical? Yes or No: Tom dice che un' uomo tiene una bottiglia
A: Yes

Q: Is this sentence grammatical? Yes or No: Maria osserva che un' uomo porta cappello un
A: No

Q: Is this sentence grammatical? Yes or No: Sheela sa che i ragazzi portano il giocattolo
A: Yes

Q: Is this sentence grammatical? Yes or No: Leela afferma che gli insegnanti salgono scala la
A: No

Q: Is this sentence grammatical? Yes or No: Harry osserva che il cane porta bottiglia la
A: No

Q: Is this sentence grammatical? Yes or No: Sheela sa che le ragazze portano topo il
A: ",Sheela sa che le ragazze portano topo il,No,No,,0
280,ita-r-2-subordinate,"We will give you examples of Italian sentences that follow or violate the rules of a shared grammar, along with labels 'Yes' or 'No'. You will then generate a label, 'Yes' or 'No', for a new unlabeled sentence that may follow or violate the same grammar rules.

Q: Is this sentence grammatical? Yes or No: Leela vede che gli insegnanti portano il giornale
A: Yes

Q: Is this sentence grammatical? Yes or No: Gomu dice che il cane tiene giocattolo il
A: No

Q: Is this sentence grammatical? Yes or No: Gomu osserva che il cane porta bottiglia la
A: No

Q: Is this sentence grammatical? Yes or No: Sheela dice che i cani tengono pesce il
A: No

Q: Is this sentence grammatical? Yes or No: Leela afferma che i cani mangiano pesce il
A: No

Q: Is this sentence grammatical? Yes or No: Tom dice che un' uomo tiene bottiglia una
A: No

Q: Is this sentence grammatical? Yes or No: Maria osserva che un' uomo porta cappello un
A: No

Q: Is this sentence grammatical? Yes or No: Sheela sa che i ragazzi portano il giocattolo
A: Yes

Q: Is this sentence grammatical? Yes or No: Leela afferma che gli insegnanti salgono scala la
A: No

Q: Is this sentence grammatical? Yes or No: Harry osserva che il cane porta la bottiglia
A: Yes

Q: Is this sentence grammatical? Yes or No: Tom dice che i ragazzi tengono pesce il
A: ",Tom dice che i ragazzi tengono pesce il,No,No,,0
281,ita-r-2-subordinate,"We will give you examples of Italian sentences that follow or violate the rules of a shared grammar, along with labels 'Yes' or 'No'. You will then generate a label, 'Yes' or 'No', for a new unlabeled sentence that may follow or violate the same grammar rules.

Q: Is this sentence grammatical? Yes or No: Leela vede che gli insegnanti portano giornale il
A: No

Q: Is this sentence grammatical? Yes or No: Gomu dice che il cane tiene il giocattolo
A: Yes

Q: Is this sentence grammatical? Yes or No: Gomu osserva che il cane porta la bottiglia
A: Yes

Q: Is this sentence grammatical? Yes or No: Sheela dice che i cani tengono pesce il
A: No

Q: Is this sentence grammatical? Yes or No: Leela afferma che i cani mangiano pesce il
A: No

Q: Is this sentence grammatical? Yes or No: Tom dice che un' uomo tiene una bottiglia
A: Yes

Q: Is this sentence grammatical? Yes or No: Maria osserva che un' uomo porta un cappello
A: Yes

Q: Is this sentence grammatical? Yes or No: Sheela sa che i ragazzi portano il giocattolo
A: Yes

Q: Is this sentence grammatical? Yes or No: Leela afferma che gli insegnanti salgono la scala
A: Yes

Q: Is this sentence grammatical? Yes or No: Harry osserva che il cane porta la bottiglia
A: Yes

Q: Is this sentence grammatical? Yes or No: John vede che i gatti portano gesso il
A: ",John vede che i gatti portano gesso il,No,No,,0
282,ita-r-2-subordinate,"We will give you examples of Italian sentences that follow or violate the rules of a shared grammar, along with labels 'Yes' or 'No'. You will then generate a label, 'Yes' or 'No', for a new unlabeled sentence that may follow or violate the same grammar rules.

Q: Is this sentence grammatical? Yes or No: Leela vede che gli insegnanti portano il giornale
A: Yes

Q: Is this sentence grammatical? Yes or No: Gomu dice che il cane tiene giocattolo il
A: No

Q: Is this sentence grammatical? Yes or No: Gomu osserva che il cane porta la bottiglia
A: Yes

Q: Is this sentence grammatical? Yes or No: Sheela dice che i cani tengono pesce il
A: No

Q: Is this sentence grammatical? Yes or No: Leela afferma che i cani mangiano pesce il
A: No

Q: Is this sentence grammatical? Yes or No: Tom dice che un' uomo tiene bottiglia una
A: No

Q: Is this sentence grammatical? Yes or No: Maria osserva che un' uomo porta cappello un
A: No

Q: Is this sentence grammatical? Yes or No: Sheela sa che i ragazzi portano giocattolo il
A: No

Q: Is this sentence grammatical? Yes or No: Leela afferma che gli insegnanti salgono la scala
A: Yes

Q: Is this sentence grammatical? Yes or No: Harry osserva che il cane porta la bottiglia
A: Yes

Q: Is this sentence grammatical? Yes or No: Gomu osserva che un gatto mangia pasto il
A: ",Gomu osserva che un gatto mangia pasto il,No,No,,0
283,ita-r-2-subordinate,"We will give you examples of Italian sentences that follow or violate the rules of a shared grammar, along with labels 'Yes' or 'No'. You will then generate a label, 'Yes' or 'No', for a new unlabeled sentence that may follow or violate the same grammar rules.

Q: Is this sentence grammatical? Yes or No: Leela vede che gli insegnanti portano il giornale
A: Yes

Q: Is this sentence grammatical? Yes or No: Gomu dice che il cane tiene il giocattolo
A: Yes

Q: Is this sentence grammatical? Yes or No: Gomu osserva che il cane porta la bottiglia
A: Yes

Q: Is this sentence grammatical? Yes or No: Sheela dice che i cani tengono il pesce
A: Yes

Q: Is this sentence grammatical? Yes or No: Leela afferma che i cani mangiano pesce il
A: No

Q: Is this sentence grammatical? Yes or No: Tom dice che un' uomo tiene bottiglia una
A: No

Q: Is this sentence grammatical? Yes or No: Maria osserva che un' uomo porta un cappello
A: Yes

Q: Is this sentence grammatical? Yes or No: Sheela sa che i ragazzi portano il giocattolo
A: Yes

Q: Is this sentence grammatical? Yes or No: Leela afferma che gli insegnanti salgono scala la
A: No

Q: Is this sentence grammatical? Yes or No: Harry osserva che il cane porta la bottiglia
A: Yes

Q: Is this sentence grammatical? Yes or No: Sheela afferma che le donne prendono la lampadina
A: ",Sheela afferma che le donne prendono la lampadina,No,Yes,,0
284,ita-r-2-subordinate,"We will give you examples of Italian sentences that follow or violate the rules of a shared grammar, along with labels 'Yes' or 'No'. You will then generate a label, 'Yes' or 'No', for a new unlabeled sentence that may follow or violate the same grammar rules.

Q: Is this sentence grammatical? Yes or No: Leela vede che gli insegnanti portano il giornale
A: Yes

Q: Is this sentence grammatical? Yes or No: Gomu dice che il cane tiene il giocattolo
A: Yes

Q: Is this sentence grammatical? Yes or No: Gomu osserva che il cane porta bottiglia la
A: No

Q: Is this sentence grammatical? Yes or No: Sheela dice che i cani tengono pesce il
A: No

Q: Is this sentence grammatical? Yes or No: Leela afferma che i cani mangiano il pesce
A: Yes

Q: Is this sentence grammatical? Yes or No: Tom dice che un' uomo tiene una bottiglia
A: Yes

Q: Is this sentence grammatical? Yes or No: Maria osserva che un' uomo porta un cappello
A: Yes

Q: Is this sentence grammatical? Yes or No: Sheela sa che i ragazzi portano giocattolo il
A: No

Q: Is this sentence grammatical? Yes or No: Leela afferma che gli insegnanti salgono la scala
A: Yes

Q: Is this sentence grammatical? Yes or No: Harry osserva che il cane porta la bottiglia
A: Yes

Q: Is this sentence grammatical? Yes or No: Gomu dice che i ragazzi prendono lampadina la
A: ",Gomu dice che i ragazzi prendono lampadina la,No,No,,0
285,ita-r-2-subordinate,"We will give you examples of Italian sentences that follow or violate the rules of a shared grammar, along with labels 'Yes' or 'No'. You will then generate a label, 'Yes' or 'No', for a new unlabeled sentence that may follow or violate the same grammar rules.

Q: Is this sentence grammatical? Yes or No: Leela vede che gli insegnanti portano il giornale
A: Yes

Q: Is this sentence grammatical? Yes or No: Gomu dice che il cane tiene il giocattolo
A: Yes

Q: Is this sentence grammatical? Yes or No: Gomu osserva che il cane porta bottiglia la
A: No

Q: Is this sentence grammatical? Yes or No: Sheela dice che i cani tengono pesce il
A: No

Q: Is this sentence grammatical? Yes or No: Leela afferma che i cani mangiano pesce il
A: No

Q: Is this sentence grammatical? Yes or No: Tom dice che un' uomo tiene una bottiglia
A: Yes

Q: Is this sentence grammatical? Yes or No: Maria osserva che un' uomo porta un cappello
A: Yes

Q: Is this sentence grammatical? Yes or No: Sheela sa che i ragazzi portano il giocattolo
A: Yes

Q: Is this sentence grammatical? Yes or No: Leela afferma che gli insegnanti salgono la scala
A: Yes

Q: Is this sentence grammatical? Yes or No: Harry osserva che il cane porta la bottiglia
A: Yes

Q: Is this sentence grammatical? Yes or No: Gomu vede che gli uomini portano il giornale
A: ",Gomu vede che gli uomini portano il giornale,Yes,Yes,,0
286,ita-r-2-subordinate,"We will give you examples of Italian sentences that follow or violate the rules of a shared grammar, along with labels 'Yes' or 'No'. You will then generate a label, 'Yes' or 'No', for a new unlabeled sentence that may follow or violate the same grammar rules.

Q: Is this sentence grammatical? Yes or No: Leela vede che gli insegnanti portano giornale il
A: No

Q: Is this sentence grammatical? Yes or No: Gomu dice che il cane tiene il giocattolo
A: Yes

Q: Is this sentence grammatical? Yes or No: Gomu osserva che il cane porta bottiglia la
A: No

Q: Is this sentence grammatical? Yes or No: Sheela dice che i cani tengono il pesce
A: Yes

Q: Is this sentence grammatical? Yes or No: Leela afferma che i cani mangiano il pesce
A: Yes

Q: Is this sentence grammatical? Yes or No: Tom dice che un' uomo tiene una bottiglia
A: Yes

Q: Is this sentence grammatical? Yes or No: Maria osserva che un' uomo porta cappello un
A: No

Q: Is this sentence grammatical? Yes or No: Sheela sa che i ragazzi portano giocattolo il
A: No

Q: Is this sentence grammatical? Yes or No: Leela afferma che gli insegnanti salgono scala la
A: No

Q: Is this sentence grammatical? Yes or No: Harry osserva che il cane porta la bottiglia
A: Yes

Q: Is this sentence grammatical? Yes or No: Maria afferma che una ragazza prende cappello un
A: ",Maria afferma che una ragazza prende cappello un,No,No,,0
287,ita-r-2-subordinate,"We will give you examples of Italian sentences that follow or violate the rules of a shared grammar, along with labels 'Yes' or 'No'. You will then generate a label, 'Yes' or 'No', for a new unlabeled sentence that may follow or violate the same grammar rules.

Q: Is this sentence grammatical? Yes or No: Leela vede che gli insegnanti portano giornale il
A: No

Q: Is this sentence grammatical? Yes or No: Gomu dice che il cane tiene giocattolo il
A: No

Q: Is this sentence grammatical? Yes or No: Gomu osserva che il cane porta bottiglia la
A: No

Q: Is this sentence grammatical? Yes or No: Sheela dice che i cani tengono pesce il
A: No

Q: Is this sentence grammatical? Yes or No: Leela afferma che i cani mangiano pesce il
A: No

Q: Is this sentence grammatical? Yes or No: Tom dice che un' uomo tiene bottiglia una
A: No

Q: Is this sentence grammatical? Yes or No: Maria osserva che un' uomo porta cappello un
A: No

Q: Is this sentence grammatical? Yes or No: Sheela sa che i ragazzi portano giocattolo il
A: No

Q: Is this sentence grammatical? Yes or No: Leela afferma che gli insegnanti salgono la scala
A: Yes

Q: Is this sentence grammatical? Yes or No: Harry osserva che il cane porta bottiglia la
A: No

Q: Is this sentence grammatical? Yes or No: Gomu dice che l'uomo prende la lampadina
A: ",Gomu dice che l'uomo prende la lampadina,No,Yes,,0
288,ita-r-2-subordinate,"We will give you examples of Italian sentences that follow or violate the rules of a shared grammar, along with labels 'Yes' or 'No'. You will then generate a label, 'Yes' or 'No', for a new unlabeled sentence that may follow or violate the same grammar rules.

Q: Is this sentence grammatical? Yes or No: Leela vede che gli insegnanti portano giornale il
A: No

Q: Is this sentence grammatical? Yes or No: Gomu dice che il cane tiene il giocattolo
A: Yes

Q: Is this sentence grammatical? Yes or No: Gomu osserva che il cane porta la bottiglia
A: Yes

Q: Is this sentence grammatical? Yes or No: Sheela dice che i cani tengono il pesce
A: Yes

Q: Is this sentence grammatical? Yes or No: Leela afferma che i cani mangiano il pesce
A: Yes

Q: Is this sentence grammatical? Yes or No: Tom dice che un' uomo tiene bottiglia una
A: No

Q: Is this sentence grammatical? Yes or No: Maria osserva che un' uomo porta cappello un
A: No

Q: Is this sentence grammatical? Yes or No: Sheela sa che i ragazzi portano giocattolo il
A: No

Q: Is this sentence grammatical? Yes or No: Leela afferma che gli insegnanti salgono la scala
A: Yes

Q: Is this sentence grammatical? Yes or No: Harry osserva che il cane porta la bottiglia
A: Yes

Q: Is this sentence grammatical? Yes or No: John afferma che un cane mangia un pasto
A: ",John afferma che un cane mangia un pasto,Yes,Yes,,0
289,ita-r-2-subordinate,"We will give you examples of Italian sentences that follow or violate the rules of a shared grammar, along with labels 'Yes' or 'No'. You will then generate a label, 'Yes' or 'No', for a new unlabeled sentence that may follow or violate the same grammar rules.

Q: Is this sentence grammatical? Yes or No: Leela vede che gli insegnanti portano giornale il
A: No

Q: Is this sentence grammatical? Yes or No: Gomu dice che il cane tiene il giocattolo
A: Yes

Q: Is this sentence grammatical? Yes or No: Gomu osserva che il cane porta la bottiglia
A: Yes

Q: Is this sentence grammatical? Yes or No: Sheela dice che i cani tengono il pesce
A: Yes

Q: Is this sentence grammatical? Yes or No: Leela afferma che i cani mangiano pesce il
A: No

Q: Is this sentence grammatical? Yes or No: Tom dice che un' uomo tiene una bottiglia
A: Yes

Q: Is this sentence grammatical? Yes or No: Maria osserva che un' uomo porta cappello un
A: No

Q: Is this sentence grammatical? Yes or No: Sheela sa che i ragazzi portano il giocattolo
A: Yes

Q: Is this sentence grammatical? Yes or No: Leela afferma che gli insegnanti salgono scala la
A: No

Q: Is this sentence grammatical? Yes or No: Harry osserva che il cane porta la bottiglia
A: Yes

Q: Is this sentence grammatical? Yes or No: Tom vede che i gatti mangiano il pesce
A: ",Tom vede che i gatti mangiano il pesce,Yes,Yes,,0
290,ita-r-2-subordinate,"We will give you examples of Italian sentences that follow or violate the rules of a shared grammar, along with labels 'Yes' or 'No'. You will then generate a label, 'Yes' or 'No', for a new unlabeled sentence that may follow or violate the same grammar rules.

Q: Is this sentence grammatical? Yes or No: Leela vede che gli insegnanti portano giornale il
A: No

Q: Is this sentence grammatical? Yes or No: Gomu dice che il cane tiene giocattolo il
A: No

Q: Is this sentence grammatical? Yes or No: Gomu osserva che il cane porta bottiglia la
A: No

Q: Is this sentence grammatical? Yes or No: Sheela dice che i cani tengono pesce il
A: No

Q: Is this sentence grammatical? Yes or No: Leela afferma che i cani mangiano pesce il
A: No

Q: Is this sentence grammatical? Yes or No: Tom dice che un' uomo tiene una bottiglia
A: Yes

Q: Is this sentence grammatical? Yes or No: Maria osserva che un' uomo porta un cappello
A: Yes

Q: Is this sentence grammatical? Yes or No: Sheela sa che i ragazzi portano giocattolo il
A: No

Q: Is this sentence grammatical? Yes or No: Leela afferma che gli insegnanti salgono scala la
A: No

Q: Is this sentence grammatical? Yes or No: Harry osserva che il cane porta la bottiglia
A: Yes

Q: Is this sentence grammatical? Yes or No: Sheela osserva che il ragazzo legge storia una
A: ",Sheela osserva che il ragazzo legge storia una,No,No,,0
291,ita-r-2-subordinate,"We will give you examples of Italian sentences that follow or violate the rules of a shared grammar, along with labels 'Yes' or 'No'. You will then generate a label, 'Yes' or 'No', for a new unlabeled sentence that may follow or violate the same grammar rules.

Q: Is this sentence grammatical? Yes or No: Leela vede che gli insegnanti portano giornale il
A: No

Q: Is this sentence grammatical? Yes or No: Gomu dice che il cane tiene giocattolo il
A: No

Q: Is this sentence grammatical? Yes or No: Gomu osserva che il cane porta bottiglia la
A: No

Q: Is this sentence grammatical? Yes or No: Sheela dice che i cani tengono il pesce
A: Yes

Q: Is this sentence grammatical? Yes or No: Leela afferma che i cani mangiano il pesce
A: Yes

Q: Is this sentence grammatical? Yes or No: Tom dice che un' uomo tiene una bottiglia
A: Yes

Q: Is this sentence grammatical? Yes or No: Maria osserva che un' uomo porta un cappello
A: Yes

Q: Is this sentence grammatical? Yes or No: Sheela sa che i ragazzi portano il giocattolo
A: Yes

Q: Is this sentence grammatical? Yes or No: Leela afferma che gli insegnanti salgono la scala
A: Yes

Q: Is this sentence grammatical? Yes or No: Harry osserva che il cane porta la bottiglia
A: Yes

Q: Is this sentence grammatical? Yes or No: Tom osserva che le ragazze tengono cappello il
A: ",Tom osserva che le ragazze tengono cappello il,No,No,,0
292,ita-r-2-subordinate,"We will give you examples of Italian sentences that follow or violate the rules of a shared grammar, along with labels 'Yes' or 'No'. You will then generate a label, 'Yes' or 'No', for a new unlabeled sentence that may follow or violate the same grammar rules.

Q: Is this sentence grammatical? Yes or No: Leela vede che gli insegnanti portano giornale il
A: No

Q: Is this sentence grammatical? Yes or No: Gomu dice che il cane tiene il giocattolo
A: Yes

Q: Is this sentence grammatical? Yes or No: Gomu osserva che il cane porta la bottiglia
A: Yes

Q: Is this sentence grammatical? Yes or No: Sheela dice che i cani tengono il pesce
A: Yes

Q: Is this sentence grammatical? Yes or No: Leela afferma che i cani mangiano pesce il
A: No

Q: Is this sentence grammatical? Yes or No: Tom dice che un' uomo tiene bottiglia una
A: No

Q: Is this sentence grammatical? Yes or No: Maria osserva che un' uomo porta un cappello
A: Yes

Q: Is this sentence grammatical? Yes or No: Sheela sa che i ragazzi portano il giocattolo
A: Yes

Q: Is this sentence grammatical? Yes or No: Leela afferma che gli insegnanti salgono la scala
A: Yes

Q: Is this sentence grammatical? Yes or No: Harry osserva che il cane porta bottiglia la
A: No

Q: Is this sentence grammatical? Yes or No: Gomu dice che le ragazze mangiano la pera
A: ",Gomu dice che le ragazze mangiano la pera,Yes,Yes,,0
293,ita-r-2-subordinate,"We will give you examples of Italian sentences that follow or violate the rules of a shared grammar, along with labels 'Yes' or 'No'. You will then generate a label, 'Yes' or 'No', for a new unlabeled sentence that may follow or violate the same grammar rules.

Q: Is this sentence grammatical? Yes or No: Leela vede che gli insegnanti portano giornale il
A: No

Q: Is this sentence grammatical? Yes or No: Gomu dice che il cane tiene il giocattolo
A: Yes

Q: Is this sentence grammatical? Yes or No: Gomu osserva che il cane porta la bottiglia
A: Yes

Q: Is this sentence grammatical? Yes or No: Sheela dice che i cani tengono il pesce
A: Yes

Q: Is this sentence grammatical? Yes or No: Leela afferma che i cani mangiano il pesce
A: Yes

Q: Is this sentence grammatical? Yes or No: Tom dice che un' uomo tiene una bottiglia
A: Yes

Q: Is this sentence grammatical? Yes or No: Maria osserva che un' uomo porta un cappello
A: Yes

Q: Is this sentence grammatical? Yes or No: Sheela sa che i ragazzi portano giocattolo il
A: No

Q: Is this sentence grammatical? Yes or No: Leela afferma che gli insegnanti salgono scala la
A: No

Q: Is this sentence grammatical? Yes or No: Harry osserva che il cane porta bottiglia la
A: No

Q: Is this sentence grammatical? Yes or No: John sa che l'insegnante prende un giornale
A: ",John sa che l'insegnante prende un giornale,Yes,Yes,,0
294,ita-r-2-subordinate,"We will give you examples of Italian sentences that follow or violate the rules of a shared grammar, along with labels 'Yes' or 'No'. You will then generate a label, 'Yes' or 'No', for a new unlabeled sentence that may follow or violate the same grammar rules.

Q: Is this sentence grammatical? Yes or No: Leela vede che gli insegnanti portano il giornale
A: Yes

Q: Is this sentence grammatical? Yes or No: Gomu dice che il cane tiene il giocattolo
A: Yes

Q: Is this sentence grammatical? Yes or No: Gomu osserva che il cane porta bottiglia la
A: No

Q: Is this sentence grammatical? Yes or No: Sheela dice che i cani tengono pesce il
A: No

Q: Is this sentence grammatical? Yes or No: Leela afferma che i cani mangiano il pesce
A: Yes

Q: Is this sentence grammatical? Yes or No: Tom dice che un' uomo tiene una bottiglia
A: Yes

Q: Is this sentence grammatical? Yes or No: Maria osserva che un' uomo porta un cappello
A: Yes

Q: Is this sentence grammatical? Yes or No: Sheela sa che i ragazzi portano il giocattolo
A: Yes

Q: Is this sentence grammatical? Yes or No: Leela afferma che gli insegnanti salgono la scala
A: Yes

Q: Is this sentence grammatical? Yes or No: Harry osserva che il cane porta la bottiglia
A: Yes

Q: Is this sentence grammatical? Yes or No: Maria osserva che le ragazze portano scatola la
A: ",Maria osserva che le ragazze portano scatola la,No,No,,0
295,ita-r-2-subordinate,"We will give you examples of Italian sentences that follow or violate the rules of a shared grammar, along with labels 'Yes' or 'No'. You will then generate a label, 'Yes' or 'No', for a new unlabeled sentence that may follow or violate the same grammar rules.

Q: Is this sentence grammatical? Yes or No: Leela vede che gli insegnanti portano giornale il
A: No

Q: Is this sentence grammatical? Yes or No: Gomu dice che il cane tiene il giocattolo
A: Yes

Q: Is this sentence grammatical? Yes or No: Gomu osserva che il cane porta bottiglia la
A: No

Q: Is this sentence grammatical? Yes or No: Sheela dice che i cani tengono il pesce
A: Yes

Q: Is this sentence grammatical? Yes or No: Leela afferma che i cani mangiano il pesce
A: Yes

Q: Is this sentence grammatical? Yes or No: Tom dice che un' uomo tiene una bottiglia
A: Yes

Q: Is this sentence grammatical? Yes or No: Maria osserva che un' uomo porta cappello un
A: No

Q: Is this sentence grammatical? Yes or No: Sheela sa che i ragazzi portano giocattolo il
A: No

Q: Is this sentence grammatical? Yes or No: Leela afferma che gli insegnanti salgono la scala
A: Yes

Q: Is this sentence grammatical? Yes or No: Harry osserva che il cane porta bottiglia la
A: No

Q: Is this sentence grammatical? Yes or No: John afferma che le ragazze tengono scatola la
A: ",John afferma che le ragazze tengono scatola la,No,No,,0
296,ita-r-2-subordinate,"We will give you examples of Italian sentences that follow or violate the rules of a shared grammar, along with labels 'Yes' or 'No'. You will then generate a label, 'Yes' or 'No', for a new unlabeled sentence that may follow or violate the same grammar rules.

Q: Is this sentence grammatical? Yes or No: Leela vede che gli insegnanti portano giornale il
A: No

Q: Is this sentence grammatical? Yes or No: Gomu dice che il cane tiene il giocattolo
A: Yes

Q: Is this sentence grammatical? Yes or No: Gomu osserva che il cane porta bottiglia la
A: No

Q: Is this sentence grammatical? Yes or No: Sheela dice che i cani tengono il pesce
A: Yes

Q: Is this sentence grammatical? Yes or No: Leela afferma che i cani mangiano pesce il
A: No

Q: Is this sentence grammatical? Yes or No: Tom dice che un' uomo tiene bottiglia una
A: No

Q: Is this sentence grammatical? Yes or No: Maria osserva che un' uomo porta un cappello
A: Yes

Q: Is this sentence grammatical? Yes or No: Sheela sa che i ragazzi portano giocattolo il
A: No

Q: Is this sentence grammatical? Yes or No: Leela afferma che gli insegnanti salgono la scala
A: Yes

Q: Is this sentence grammatical? Yes or No: Harry osserva che il cane porta la bottiglia
A: Yes

Q: Is this sentence grammatical? Yes or No: John afferma che le donne salgono l' albero
A: ",John afferma che le donne salgono l' albero,No,Yes,,0
297,ita-r-2-subordinate,"We will give you examples of Italian sentences that follow or violate the rules of a shared grammar, along with labels 'Yes' or 'No'. You will then generate a label, 'Yes' or 'No', for a new unlabeled sentence that may follow or violate the same grammar rules.

Q: Is this sentence grammatical? Yes or No: Leela vede che gli insegnanti portano il giornale
A: Yes

Q: Is this sentence grammatical? Yes or No: Gomu dice che il cane tiene il giocattolo
A: Yes

Q: Is this sentence grammatical? Yes or No: Gomu osserva che il cane porta la bottiglia
A: Yes

Q: Is this sentence grammatical? Yes or No: Sheela dice che i cani tengono il pesce
A: Yes

Q: Is this sentence grammatical? Yes or No: Leela afferma che i cani mangiano pesce il
A: No

Q: Is this sentence grammatical? Yes or No: Tom dice che un' uomo tiene una bottiglia
A: Yes

Q: Is this sentence grammatical? Yes or No: Maria osserva che un' uomo porta cappello un
A: No

Q: Is this sentence grammatical? Yes or No: Sheela sa che i ragazzi portano giocattolo il
A: No

Q: Is this sentence grammatical? Yes or No: Leela afferma che gli insegnanti salgono la scala
A: Yes

Q: Is this sentence grammatical? Yes or No: Harry osserva che il cane porta bottiglia la
A: No

Q: Is this sentence grammatical? Yes or No: Leela vede che le donne tengono il pesce
A: ",Leela vede che le donne tengono il pesce,Yes,Yes,,0
298,ita-r-2-subordinate,"We will give you examples of Italian sentences that follow or violate the rules of a shared grammar, along with labels 'Yes' or 'No'. You will then generate a label, 'Yes' or 'No', for a new unlabeled sentence that may follow or violate the same grammar rules.

Q: Is this sentence grammatical? Yes or No: Leela vede che gli insegnanti portano il giornale
A: Yes

Q: Is this sentence grammatical? Yes or No: Gomu dice che il cane tiene il giocattolo
A: Yes

Q: Is this sentence grammatical? Yes or No: Gomu osserva che il cane porta la bottiglia
A: Yes

Q: Is this sentence grammatical? Yes or No: Sheela dice che i cani tengono pesce il
A: No

Q: Is this sentence grammatical? Yes or No: Leela afferma che i cani mangiano pesce il
A: No

Q: Is this sentence grammatical? Yes or No: Tom dice che un' uomo tiene bottiglia una
A: No

Q: Is this sentence grammatical? Yes or No: Maria osserva che un' uomo porta cappello un
A: No

Q: Is this sentence grammatical? Yes or No: Sheela sa che i ragazzi portano il giocattolo
A: Yes

Q: Is this sentence grammatical? Yes or No: Leela afferma che gli insegnanti salgono la scala
A: Yes

Q: Is this sentence grammatical? Yes or No: Harry osserva che il cane porta la bottiglia
A: Yes

Q: Is this sentence grammatical? Yes or No: Gomu vede che gli insegnanti portano pesce il
A: ",Gomu vede che gli insegnanti portano pesce il,No,No,,0
299,ita-r-2-subordinate,"We will give you examples of Italian sentences that follow or violate the rules of a shared grammar, along with labels 'Yes' or 'No'. You will then generate a label, 'Yes' or 'No', for a new unlabeled sentence that may follow or violate the same grammar rules.

Q: Is this sentence grammatical? Yes or No: Leela vede che gli insegnanti portano il giornale
A: Yes

Q: Is this sentence grammatical? Yes or No: Gomu dice che il cane tiene giocattolo il
A: No

Q: Is this sentence grammatical? Yes or No: Gomu osserva che il cane porta bottiglia la
A: No

Q: Is this sentence grammatical? Yes or No: Sheela dice che i cani tengono il pesce
A: Yes

Q: Is this sentence grammatical? Yes or No: Leela afferma che i cani mangiano il pesce
A: Yes

Q: Is this sentence grammatical? Yes or No: Tom dice che un' uomo tiene bottiglia una
A: No

Q: Is this sentence grammatical? Yes or No: Maria osserva che un' uomo porta un cappello
A: Yes

Q: Is this sentence grammatical? Yes or No: Sheela sa che i ragazzi portano giocattolo il
A: No

Q: Is this sentence grammatical? Yes or No: Leela afferma che gli insegnanti salgono scala la
A: No

Q: Is this sentence grammatical? Yes or No: Harry osserva che il cane porta la bottiglia
A: Yes

Q: Is this sentence grammatical? Yes or No: Sheela osserva che uno scrittore legge poema un
A: ",Sheela osserva che uno scrittore legge poema un,No,No,,0
300,ita-r-2-subordinate,"We will give you examples of Italian sentences that follow or violate the rules of a shared grammar, along with labels 'Yes' or 'No'. You will then generate a label, 'Yes' or 'No', for a new unlabeled sentence that may follow or violate the same grammar rules.

Q: Is this sentence grammatical? Yes or No: Leela vede che gli insegnanti portano giornale il
A: No

Q: Is this sentence grammatical? Yes or No: Gomu dice che il cane tiene giocattolo il
A: No

Q: Is this sentence grammatical? Yes or No: Gomu osserva che il cane porta bottiglia la
A: No

Q: Is this sentence grammatical? Yes or No: Sheela dice che i cani tengono il pesce
A: Yes

Q: Is this sentence grammatical? Yes or No: Leela afferma che i cani mangiano pesce il
A: No

Q: Is this sentence grammatical? Yes or No: Tom dice che un' uomo tiene bottiglia una
A: No

Q: Is this sentence grammatical? Yes or No: Maria osserva che un' uomo porta un cappello
A: Yes

Q: Is this sentence grammatical? Yes or No: Sheela sa che i ragazzi portano il giocattolo
A: Yes

Q: Is this sentence grammatical? Yes or No: Leela afferma che gli insegnanti salgono la scala
A: Yes

Q: Is this sentence grammatical? Yes or No: Harry osserva che il cane porta la bottiglia
A: Yes

Q: Is this sentence grammatical? Yes or No: John vede che un' uomo tiene un gesso
A: ",John vede che un' uomo tiene un gesso,No,Yes,,0
301,ita-r-2-subordinate,"We will give you examples of Italian sentences that follow or violate the rules of a shared grammar, along with labels 'Yes' or 'No'. You will then generate a label, 'Yes' or 'No', for a new unlabeled sentence that may follow or violate the same grammar rules.

Q: Is this sentence grammatical? Yes or No: Leela vede che gli insegnanti portano il giornale
A: Yes

Q: Is this sentence grammatical? Yes or No: Gomu dice che il cane tiene giocattolo il
A: No

Q: Is this sentence grammatical? Yes or No: Gomu osserva che il cane porta bottiglia la
A: No

Q: Is this sentence grammatical? Yes or No: Sheela dice che i cani tengono pesce il
A: No

Q: Is this sentence grammatical? Yes or No: Leela afferma che i cani mangiano il pesce
A: Yes

Q: Is this sentence grammatical? Yes or No: Tom dice che un' uomo tiene bottiglia una
A: No

Q: Is this sentence grammatical? Yes or No: Maria osserva che un' uomo porta un cappello
A: Yes

Q: Is this sentence grammatical? Yes or No: Sheela sa che i ragazzi portano giocattolo il
A: No

Q: Is this sentence grammatical? Yes or No: Leela afferma che gli insegnanti salgono scala la
A: No

Q: Is this sentence grammatical? Yes or No: Harry osserva che il cane porta bottiglia la
A: No

Q: Is this sentence grammatical? Yes or No: John sa che gli uomini salgono la scala
A: ",John sa che gli uomini salgono la scala,Yes,Yes,,0
302,ita-r-2-subordinate,"We will give you examples of Italian sentences that follow or violate the rules of a shared grammar, along with labels 'Yes' or 'No'. You will then generate a label, 'Yes' or 'No', for a new unlabeled sentence that may follow or violate the same grammar rules.

Q: Is this sentence grammatical? Yes or No: Leela vede che gli insegnanti portano giornale il
A: No

Q: Is this sentence grammatical? Yes or No: Gomu dice che il cane tiene il giocattolo
A: Yes

Q: Is this sentence grammatical? Yes or No: Gomu osserva che il cane porta la bottiglia
A: Yes

Q: Is this sentence grammatical? Yes or No: Sheela dice che i cani tengono pesce il
A: No

Q: Is this sentence grammatical? Yes or No: Leela afferma che i cani mangiano pesce il
A: No

Q: Is this sentence grammatical? Yes or No: Tom dice che un' uomo tiene una bottiglia
A: Yes

Q: Is this sentence grammatical? Yes or No: Maria osserva che un' uomo porta un cappello
A: Yes

Q: Is this sentence grammatical? Yes or No: Sheela sa che i ragazzi portano giocattolo il
A: No

Q: Is this sentence grammatical? Yes or No: Leela afferma che gli insegnanti salgono scala la
A: No

Q: Is this sentence grammatical? Yes or No: Harry osserva che il cane porta bottiglia la
A: No

Q: Is this sentence grammatical? Yes or No: Sheela osserva che i ragazzi salgono montagna la
A: ",Sheela osserva che i ragazzi salgono montagna la,No,No,,0
303,ita-r-2-subordinate,"We will give you examples of Italian sentences that follow or violate the rules of a shared grammar, along with labels 'Yes' or 'No'. You will then generate a label, 'Yes' or 'No', for a new unlabeled sentence that may follow or violate the same grammar rules.

Q: Is this sentence grammatical? Yes or No: Leela vede che gli insegnanti portano il giornale
A: Yes

Q: Is this sentence grammatical? Yes or No: Gomu dice che il cane tiene il giocattolo
A: Yes

Q: Is this sentence grammatical? Yes or No: Gomu osserva che il cane porta la bottiglia
A: Yes

Q: Is this sentence grammatical? Yes or No: Sheela dice che i cani tengono il pesce
A: Yes

Q: Is this sentence grammatical? Yes or No: Leela afferma che i cani mangiano pesce il
A: No

Q: Is this sentence grammatical? Yes or No: Tom dice che un' uomo tiene una bottiglia
A: Yes

Q: Is this sentence grammatical? Yes or No: Maria osserva che un' uomo porta un cappello
A: Yes

Q: Is this sentence grammatical? Yes or No: Sheela sa che i ragazzi portano il giocattolo
A: Yes

Q: Is this sentence grammatical? Yes or No: Leela afferma che gli insegnanti salgono scala la
A: No

Q: Is this sentence grammatical? Yes or No: Harry osserva che il cane porta bottiglia la
A: No

Q: Is this sentence grammatical? Yes or No: Gomu afferma che la ragazza porta una bottiglia
A: ",Gomu afferma che la ragazza porta una bottiglia,Yes,Yes,,0
304,ita-r-2-subordinate,"We will give you examples of Italian sentences that follow or violate the rules of a shared grammar, along with labels 'Yes' or 'No'. You will then generate a label, 'Yes' or 'No', for a new unlabeled sentence that may follow or violate the same grammar rules.

Q: Is this sentence grammatical? Yes or No: Leela vede che gli insegnanti portano giornale il
A: No

Q: Is this sentence grammatical? Yes or No: Gomu dice che il cane tiene giocattolo il
A: No

Q: Is this sentence grammatical? Yes or No: Gomu osserva che il cane porta bottiglia la
A: No

Q: Is this sentence grammatical? Yes or No: Sheela dice che i cani tengono pesce il
A: No

Q: Is this sentence grammatical? Yes or No: Leela afferma che i cani mangiano pesce il
A: No

Q: Is this sentence grammatical? Yes or No: Tom dice che un' uomo tiene bottiglia una
A: No

Q: Is this sentence grammatical? Yes or No: Maria osserva che un' uomo porta cappello un
A: No

Q: Is this sentence grammatical? Yes or No: Sheela sa che i ragazzi portano giocattolo il
A: No

Q: Is this sentence grammatical? Yes or No: Leela afferma che gli insegnanti salgono la scala
A: Yes

Q: Is this sentence grammatical? Yes or No: Harry osserva che il cane porta bottiglia la
A: No

Q: Is this sentence grammatical? Yes or No: John vede che una donna mangia una frutta
A: ",John vede che una donna mangia una frutta,No,Yes,,0
305,ita-r-2-subordinate,"We will give you examples of Italian sentences that follow or violate the rules of a shared grammar, along with labels 'Yes' or 'No'. You will then generate a label, 'Yes' or 'No', for a new unlabeled sentence that may follow or violate the same grammar rules.

Q: Is this sentence grammatical? Yes or No: Leela vede che gli insegnanti portano il giornale
A: Yes

Q: Is this sentence grammatical? Yes or No: Gomu dice che il cane tiene giocattolo il
A: No

Q: Is this sentence grammatical? Yes or No: Gomu osserva che il cane porta bottiglia la
A: No

Q: Is this sentence grammatical? Yes or No: Sheela dice che i cani tengono pesce il
A: No

Q: Is this sentence grammatical? Yes or No: Leela afferma che i cani mangiano pesce il
A: No

Q: Is this sentence grammatical? Yes or No: Tom dice che un' uomo tiene bottiglia una
A: No

Q: Is this sentence grammatical? Yes or No: Maria osserva che un' uomo porta cappello un
A: No

Q: Is this sentence grammatical? Yes or No: Sheela sa che i ragazzi portano il giocattolo
A: Yes

Q: Is this sentence grammatical? Yes or No: Leela afferma che gli insegnanti salgono la scala
A: Yes

Q: Is this sentence grammatical? Yes or No: Harry osserva che il cane porta la bottiglia
A: Yes

Q: Is this sentence grammatical? Yes or No: Harry osserva che i gatti portano la scatola
A: ",Harry osserva che i gatti portano la scatola,No,Yes,,0
306,ita-r-2-subordinate,"We will give you examples of Italian sentences that follow or violate the rules of a shared grammar, along with labels 'Yes' or 'No'. You will then generate a label, 'Yes' or 'No', for a new unlabeled sentence that may follow or violate the same grammar rules.

Q: Is this sentence grammatical? Yes or No: Leela vede che gli insegnanti portano il giornale
A: Yes

Q: Is this sentence grammatical? Yes or No: Gomu dice che il cane tiene il giocattolo
A: Yes

Q: Is this sentence grammatical? Yes or No: Gomu osserva che il cane porta bottiglia la
A: No

Q: Is this sentence grammatical? Yes or No: Sheela dice che i cani tengono pesce il
A: No

Q: Is this sentence grammatical? Yes or No: Leela afferma che i cani mangiano pesce il
A: No

Q: Is this sentence grammatical? Yes or No: Tom dice che un' uomo tiene una bottiglia
A: Yes

Q: Is this sentence grammatical? Yes or No: Maria osserva che un' uomo porta un cappello
A: Yes

Q: Is this sentence grammatical? Yes or No: Sheela sa che i ragazzi portano giocattolo il
A: No

Q: Is this sentence grammatical? Yes or No: Leela afferma che gli insegnanti salgono la scala
A: Yes

Q: Is this sentence grammatical? Yes or No: Harry osserva che il cane porta bottiglia la
A: No

Q: Is this sentence grammatical? Yes or No: Sheela sa che i cani portano scatola la
A: ",Sheela sa che i cani portano scatola la,No,No,,0
307,ita-r-2-subordinate,"We will give you examples of Italian sentences that follow or violate the rules of a shared grammar, along with labels 'Yes' or 'No'. You will then generate a label, 'Yes' or 'No', for a new unlabeled sentence that may follow or violate the same grammar rules.

Q: Is this sentence grammatical? Yes or No: Leela vede che gli insegnanti portano giornale il
A: No

Q: Is this sentence grammatical? Yes or No: Gomu dice che il cane tiene giocattolo il
A: No

Q: Is this sentence grammatical? Yes or No: Gomu osserva che il cane porta la bottiglia
A: Yes

Q: Is this sentence grammatical? Yes or No: Sheela dice che i cani tengono pesce il
A: No

Q: Is this sentence grammatical? Yes or No: Leela afferma che i cani mangiano pesce il
A: No

Q: Is this sentence grammatical? Yes or No: Tom dice che un' uomo tiene una bottiglia
A: Yes

Q: Is this sentence grammatical? Yes or No: Maria osserva che un' uomo porta cappello un
A: No

Q: Is this sentence grammatical? Yes or No: Sheela sa che i ragazzi portano giocattolo il
A: No

Q: Is this sentence grammatical? Yes or No: Leela afferma che gli insegnanti salgono la scala
A: Yes

Q: Is this sentence grammatical? Yes or No: Harry osserva che il cane porta bottiglia la
A: No

Q: Is this sentence grammatical? Yes or No: John osserva che i gatti prendono il gesso
A: ",John osserva che i gatti prendono il gesso,No,Yes,,0
308,ita-r-2-subordinate,"We will give you examples of Italian sentences that follow or violate the rules of a shared grammar, along with labels 'Yes' or 'No'. You will then generate a label, 'Yes' or 'No', for a new unlabeled sentence that may follow or violate the same grammar rules.

Q: Is this sentence grammatical? Yes or No: Leela vede che gli insegnanti portano il giornale
A: Yes

Q: Is this sentence grammatical? Yes or No: Gomu dice che il cane tiene il giocattolo
A: Yes

Q: Is this sentence grammatical? Yes or No: Gomu osserva che il cane porta bottiglia la
A: No

Q: Is this sentence grammatical? Yes or No: Sheela dice che i cani tengono pesce il
A: No

Q: Is this sentence grammatical? Yes or No: Leela afferma che i cani mangiano il pesce
A: Yes

Q: Is this sentence grammatical? Yes or No: Tom dice che un' uomo tiene bottiglia una
A: No

Q: Is this sentence grammatical? Yes or No: Maria osserva che un' uomo porta un cappello
A: Yes

Q: Is this sentence grammatical? Yes or No: Sheela sa che i ragazzi portano il giocattolo
A: Yes

Q: Is this sentence grammatical? Yes or No: Leela afferma che gli insegnanti salgono scala la
A: No

Q: Is this sentence grammatical? Yes or No: Harry osserva che il cane porta bottiglia la
A: No

Q: Is this sentence grammatical? Yes or No: Sheela vede che un' insegnante porta la tazza
A: ",Sheela vede che un' insegnante porta la tazza,Yes,Yes,,0
309,ita-r-2-subordinate,"We will give you examples of Italian sentences that follow or violate the rules of a shared grammar, along with labels 'Yes' or 'No'. You will then generate a label, 'Yes' or 'No', for a new unlabeled sentence that may follow or violate the same grammar rules.

Q: Is this sentence grammatical? Yes or No: Leela vede che gli insegnanti portano giornale il
A: No

Q: Is this sentence grammatical? Yes or No: Gomu dice che il cane tiene giocattolo il
A: No

Q: Is this sentence grammatical? Yes or No: Gomu osserva che il cane porta la bottiglia
A: Yes

Q: Is this sentence grammatical? Yes or No: Sheela dice che i cani tengono pesce il
A: No

Q: Is this sentence grammatical? Yes or No: Leela afferma che i cani mangiano pesce il
A: No

Q: Is this sentence grammatical? Yes or No: Tom dice che un' uomo tiene bottiglia una
A: No

Q: Is this sentence grammatical? Yes or No: Maria osserva che un' uomo porta cappello un
A: No

Q: Is this sentence grammatical? Yes or No: Sheela sa che i ragazzi portano il giocattolo
A: Yes

Q: Is this sentence grammatical? Yes or No: Leela afferma che gli insegnanti salgono scala la
A: No

Q: Is this sentence grammatical? Yes or No: Harry osserva che il cane porta la bottiglia
A: Yes

Q: Is this sentence grammatical? Yes or No: Gomu afferma che un' uomo porta pesce un
A: ",Gomu afferma che un' uomo porta pesce un,No,No,,0
310,ita-r-2-subordinate,"We will give you examples of Italian sentences that follow or violate the rules of a shared grammar, along with labels 'Yes' or 'No'. You will then generate a label, 'Yes' or 'No', for a new unlabeled sentence that may follow or violate the same grammar rules.

Q: Is this sentence grammatical? Yes or No: Leela vede che gli insegnanti portano il giornale
A: Yes

Q: Is this sentence grammatical? Yes or No: Gomu dice che il cane tiene il giocattolo
A: Yes

Q: Is this sentence grammatical? Yes or No: Gomu osserva che il cane porta bottiglia la
A: No

Q: Is this sentence grammatical? Yes or No: Sheela dice che i cani tengono pesce il
A: No

Q: Is this sentence grammatical? Yes or No: Leela afferma che i cani mangiano pesce il
A: No

Q: Is this sentence grammatical? Yes or No: Tom dice che un' uomo tiene bottiglia una
A: No

Q: Is this sentence grammatical? Yes or No: Maria osserva che un' uomo porta un cappello
A: Yes

Q: Is this sentence grammatical? Yes or No: Sheela sa che i ragazzi portano il giocattolo
A: Yes

Q: Is this sentence grammatical? Yes or No: Leela afferma che gli insegnanti salgono la scala
A: Yes

Q: Is this sentence grammatical? Yes or No: Harry osserva che il cane porta la bottiglia
A: Yes

Q: Is this sentence grammatical? Yes or No: Harry afferma che gli insegnanti portano la scatola
A: ",Harry afferma che gli insegnanti portano la scatola,No,Yes,,0
311,ita-r-2-subordinate,"We will give you examples of Italian sentences that follow or violate the rules of a shared grammar, along with labels 'Yes' or 'No'. You will then generate a label, 'Yes' or 'No', for a new unlabeled sentence that may follow or violate the same grammar rules.

Q: Is this sentence grammatical? Yes or No: Leela vede che gli insegnanti portano giornale il
A: No

Q: Is this sentence grammatical? Yes or No: Gomu dice che il cane tiene giocattolo il
A: No

Q: Is this sentence grammatical? Yes or No: Gomu osserva che il cane porta bottiglia la
A: No

Q: Is this sentence grammatical? Yes or No: Sheela dice che i cani tengono pesce il
A: No

Q: Is this sentence grammatical? Yes or No: Leela afferma che i cani mangiano pesce il
A: No

Q: Is this sentence grammatical? Yes or No: Tom dice che un' uomo tiene una bottiglia
A: Yes

Q: Is this sentence grammatical? Yes or No: Maria osserva che un' uomo porta un cappello
A: Yes

Q: Is this sentence grammatical? Yes or No: Sheela sa che i ragazzi portano il giocattolo
A: Yes

Q: Is this sentence grammatical? Yes or No: Leela afferma che gli insegnanti salgono la scala
A: Yes

Q: Is this sentence grammatical? Yes or No: Harry osserva che il cane porta bottiglia la
A: No

Q: Is this sentence grammatical? Yes or No: Tom afferma che le donne mangiano pasto il
A: ",Tom afferma che le donne mangiano pasto il,No,No,,0
312,ita-r-2-subordinate,"We will give you examples of Italian sentences that follow or violate the rules of a shared grammar, along with labels 'Yes' or 'No'. You will then generate a label, 'Yes' or 'No', for a new unlabeled sentence that may follow or violate the same grammar rules.

Q: Is this sentence grammatical? Yes or No: Leela vede che gli insegnanti portano il giornale
A: Yes

Q: Is this sentence grammatical? Yes or No: Gomu dice che il cane tiene giocattolo il
A: No

Q: Is this sentence grammatical? Yes or No: Gomu osserva che il cane porta bottiglia la
A: No

Q: Is this sentence grammatical? Yes or No: Sheela dice che i cani tengono il pesce
A: Yes

Q: Is this sentence grammatical? Yes or No: Leela afferma che i cani mangiano il pesce
A: Yes

Q: Is this sentence grammatical? Yes or No: Tom dice che un' uomo tiene una bottiglia
A: Yes

Q: Is this sentence grammatical? Yes or No: Maria osserva che un' uomo porta un cappello
A: Yes

Q: Is this sentence grammatical? Yes or No: Sheela sa che i ragazzi portano il giocattolo
A: Yes

Q: Is this sentence grammatical? Yes or No: Leela afferma che gli insegnanti salgono la scala
A: Yes

Q: Is this sentence grammatical? Yes or No: Harry osserva che il cane porta la bottiglia
A: Yes

Q: Is this sentence grammatical? Yes or No: John dice che i cani prendono il giocattolo
A: ",John dice che i cani prendono il giocattolo,Yes,Yes,,0
313,ita-r-2-subordinate,"We will give you examples of Italian sentences that follow or violate the rules of a shared grammar, along with labels 'Yes' or 'No'. You will then generate a label, 'Yes' or 'No', for a new unlabeled sentence that may follow or violate the same grammar rules.

Q: Is this sentence grammatical? Yes or No: Leela vede che gli insegnanti portano giornale il
A: No

Q: Is this sentence grammatical? Yes or No: Gomu dice che il cane tiene giocattolo il
A: No

Q: Is this sentence grammatical? Yes or No: Gomu osserva che il cane porta bottiglia la
A: No

Q: Is this sentence grammatical? Yes or No: Sheela dice che i cani tengono pesce il
A: No

Q: Is this sentence grammatical? Yes or No: Leela afferma che i cani mangiano pesce il
A: No

Q: Is this sentence grammatical? Yes or No: Tom dice che un' uomo tiene una bottiglia
A: Yes

Q: Is this sentence grammatical? Yes or No: Maria osserva che un' uomo porta un cappello
A: Yes

Q: Is this sentence grammatical? Yes or No: Sheela sa che i ragazzi portano il giocattolo
A: Yes

Q: Is this sentence grammatical? Yes or No: Leela afferma che gli insegnanti salgono scala la
A: No

Q: Is this sentence grammatical? Yes or No: Harry osserva che il cane porta la bottiglia
A: Yes

Q: Is this sentence grammatical? Yes or No: Harry afferma che la ragazza porta bottiglia la
A: ",Harry afferma che la ragazza porta bottiglia la,No,No,,0
314,ita-r-2-subordinate,"We will give you examples of Italian sentences that follow or violate the rules of a shared grammar, along with labels 'Yes' or 'No'. You will then generate a label, 'Yes' or 'No', for a new unlabeled sentence that may follow or violate the same grammar rules.

Q: Is this sentence grammatical? Yes or No: Leela vede che gli insegnanti portano giornale il
A: No

Q: Is this sentence grammatical? Yes or No: Gomu dice che il cane tiene giocattolo il
A: No

Q: Is this sentence grammatical? Yes or No: Gomu osserva che il cane porta la bottiglia
A: Yes

Q: Is this sentence grammatical? Yes or No: Sheela dice che i cani tengono il pesce
A: Yes

Q: Is this sentence grammatical? Yes or No: Leela afferma che i cani mangiano pesce il
A: No

Q: Is this sentence grammatical? Yes or No: Tom dice che un' uomo tiene una bottiglia
A: Yes

Q: Is this sentence grammatical? Yes or No: Maria osserva che un' uomo porta un cappello
A: Yes

Q: Is this sentence grammatical? Yes or No: Sheela sa che i ragazzi portano giocattolo il
A: No

Q: Is this sentence grammatical? Yes or No: Leela afferma che gli insegnanti salgono scala la
A: No

Q: Is this sentence grammatical? Yes or No: Harry osserva che il cane porta la bottiglia
A: Yes

Q: Is this sentence grammatical? Yes or No: John dice che un ragazzo porta il gesso
A: ",John dice che un ragazzo porta il gesso,Yes,Yes,,0
315,ita-r-2-subordinate,"We will give you examples of Italian sentences that follow or violate the rules of a shared grammar, along with labels 'Yes' or 'No'. You will then generate a label, 'Yes' or 'No', for a new unlabeled sentence that may follow or violate the same grammar rules.

Q: Is this sentence grammatical? Yes or No: Leela vede che gli insegnanti portano giornale il
A: No

Q: Is this sentence grammatical? Yes or No: Gomu dice che il cane tiene giocattolo il
A: No

Q: Is this sentence grammatical? Yes or No: Gomu osserva che il cane porta la bottiglia
A: Yes

Q: Is this sentence grammatical? Yes or No: Sheela dice che i cani tengono pesce il
A: No

Q: Is this sentence grammatical? Yes or No: Leela afferma che i cani mangiano il pesce
A: Yes

Q: Is this sentence grammatical? Yes or No: Tom dice che un' uomo tiene bottiglia una
A: No

Q: Is this sentence grammatical? Yes or No: Maria osserva che un' uomo porta un cappello
A: Yes

Q: Is this sentence grammatical? Yes or No: Sheela sa che i ragazzi portano il giocattolo
A: Yes

Q: Is this sentence grammatical? Yes or No: Leela afferma che gli insegnanti salgono la scala
A: Yes

Q: Is this sentence grammatical? Yes or No: Harry osserva che il cane porta bottiglia la
A: No

Q: Is this sentence grammatical? Yes or No: Gomu afferma che le ragazze prendono la lampadina
A: ",Gomu afferma che le ragazze prendono la lampadina,Yes,Yes,,0
316,ita-r-2-subordinate,"We will give you examples of Italian sentences that follow or violate the rules of a shared grammar, along with labels 'Yes' or 'No'. You will then generate a label, 'Yes' or 'No', for a new unlabeled sentence that may follow or violate the same grammar rules.

Q: Is this sentence grammatical? Yes or No: Leela vede che gli insegnanti portano giornale il
A: No

Q: Is this sentence grammatical? Yes or No: Gomu dice che il cane tiene giocattolo il
A: No

Q: Is this sentence grammatical? Yes or No: Gomu osserva che il cane porta la bottiglia
A: Yes

Q: Is this sentence grammatical? Yes or No: Sheela dice che i cani tengono il pesce
A: Yes

Q: Is this sentence grammatical? Yes or No: Leela afferma che i cani mangiano pesce il
A: No

Q: Is this sentence grammatical? Yes or No: Tom dice che un' uomo tiene bottiglia una
A: No

Q: Is this sentence grammatical? Yes or No: Maria osserva che un' uomo porta un cappello
A: Yes

Q: Is this sentence grammatical? Yes or No: Sheela sa che i ragazzi portano il giocattolo
A: Yes

Q: Is this sentence grammatical? Yes or No: Leela afferma che gli insegnanti salgono scala la
A: No

Q: Is this sentence grammatical? Yes or No: Harry osserva che il cane porta la bottiglia
A: Yes

Q: Is this sentence grammatical? Yes or No: John afferma che gli oratori leggono capitolo il
A: ",John afferma che gli oratori leggono capitolo il,No,No,,0
317,ita-r-2-subordinate,"We will give you examples of Italian sentences that follow or violate the rules of a shared grammar, along with labels 'Yes' or 'No'. You will then generate a label, 'Yes' or 'No', for a new unlabeled sentence that may follow or violate the same grammar rules.

Q: Is this sentence grammatical? Yes or No: Leela vede che gli insegnanti portano giornale il
A: No

Q: Is this sentence grammatical? Yes or No: Gomu dice che il cane tiene giocattolo il
A: No

Q: Is this sentence grammatical? Yes or No: Gomu osserva che il cane porta la bottiglia
A: Yes

Q: Is this sentence grammatical? Yes or No: Sheela dice che i cani tengono il pesce
A: Yes

Q: Is this sentence grammatical? Yes or No: Leela afferma che i cani mangiano pesce il
A: No

Q: Is this sentence grammatical? Yes or No: Tom dice che un' uomo tiene bottiglia una
A: No

Q: Is this sentence grammatical? Yes or No: Maria osserva che un' uomo porta un cappello
A: Yes

Q: Is this sentence grammatical? Yes or No: Sheela sa che i ragazzi portano il giocattolo
A: Yes

Q: Is this sentence grammatical? Yes or No: Leela afferma che gli insegnanti salgono la scala
A: Yes

Q: Is this sentence grammatical? Yes or No: Harry osserva che il cane porta bottiglia la
A: No

Q: Is this sentence grammatical? Yes or No: John dice che la donna tiene un cappello
A: ",John dice che la donna tiene un cappello,Yes,Yes,,0
318,ita-r-2-subordinate,"We will give you examples of Italian sentences that follow or violate the rules of a shared grammar, along with labels 'Yes' or 'No'. You will then generate a label, 'Yes' or 'No', for a new unlabeled sentence that may follow or violate the same grammar rules.

Q: Is this sentence grammatical? Yes or No: Leela vede che gli insegnanti portano il giornale
A: Yes

Q: Is this sentence grammatical? Yes or No: Gomu dice che il cane tiene il giocattolo
A: Yes

Q: Is this sentence grammatical? Yes or No: Gomu osserva che il cane porta bottiglia la
A: No

Q: Is this sentence grammatical? Yes or No: Sheela dice che i cani tengono il pesce
A: Yes

Q: Is this sentence grammatical? Yes or No: Leela afferma che i cani mangiano pesce il
A: No

Q: Is this sentence grammatical? Yes or No: Tom dice che un' uomo tiene bottiglia una
A: No

Q: Is this sentence grammatical? Yes or No: Maria osserva che un' uomo porta un cappello
A: Yes

Q: Is this sentence grammatical? Yes or No: Sheela sa che i ragazzi portano il giocattolo
A: Yes

Q: Is this sentence grammatical? Yes or No: Leela afferma che gli insegnanti salgono scala la
A: No

Q: Is this sentence grammatical? Yes or No: Harry osserva che il cane porta bottiglia la
A: No

Q: Is this sentence grammatical? Yes or No: Sheela dice che il cane mangia un cetriolo
A: ",Sheela dice che il cane mangia un cetriolo,Yes,Yes,,0
319,ita-r-2-subordinate,"We will give you examples of Italian sentences that follow or violate the rules of a shared grammar, along with labels 'Yes' or 'No'. You will then generate a label, 'Yes' or 'No', for a new unlabeled sentence that may follow or violate the same grammar rules.

Q: Is this sentence grammatical? Yes or No: Leela vede che gli insegnanti portano il giornale
A: Yes

Q: Is this sentence grammatical? Yes or No: Gomu dice che il cane tiene giocattolo il
A: No

Q: Is this sentence grammatical? Yes or No: Gomu osserva che il cane porta la bottiglia
A: Yes

Q: Is this sentence grammatical? Yes or No: Sheela dice che i cani tengono il pesce
A: Yes

Q: Is this sentence grammatical? Yes or No: Leela afferma che i cani mangiano il pesce
A: Yes

Q: Is this sentence grammatical? Yes or No: Tom dice che un' uomo tiene bottiglia una
A: No

Q: Is this sentence grammatical? Yes or No: Maria osserva che un' uomo porta cappello un
A: No

Q: Is this sentence grammatical? Yes or No: Sheela sa che i ragazzi portano il giocattolo
A: Yes

Q: Is this sentence grammatical? Yes or No: Leela afferma che gli insegnanti salgono la scala
A: Yes

Q: Is this sentence grammatical? Yes or No: Harry osserva che il cane porta la bottiglia
A: Yes

Q: Is this sentence grammatical? Yes or No: Gomu osserva che il gatto prende scatola la
A: ",Gomu osserva che il gatto prende scatola la,No,No,,0
320,ita-r-2-subordinate,"We will give you examples of Italian sentences that follow or violate the rules of a shared grammar, along with labels 'Yes' or 'No'. You will then generate a label, 'Yes' or 'No', for a new unlabeled sentence that may follow or violate the same grammar rules.

Q: Is this sentence grammatical? Yes or No: Leela vede che gli insegnanti portano il giornale
A: Yes

Q: Is this sentence grammatical? Yes or No: Gomu dice che il cane tiene giocattolo il
A: No

Q: Is this sentence grammatical? Yes or No: Gomu osserva che il cane porta bottiglia la
A: No

Q: Is this sentence grammatical? Yes or No: Sheela dice che i cani tengono pesce il
A: No

Q: Is this sentence grammatical? Yes or No: Leela afferma che i cani mangiano pesce il
A: No

Q: Is this sentence grammatical? Yes or No: Tom dice che un' uomo tiene una bottiglia
A: Yes

Q: Is this sentence grammatical? Yes or No: Maria osserva che un' uomo porta un cappello
A: Yes

Q: Is this sentence grammatical? Yes or No: Sheela sa che i ragazzi portano il giocattolo
A: Yes

Q: Is this sentence grammatical? Yes or No: Leela afferma che gli insegnanti salgono la scala
A: Yes

Q: Is this sentence grammatical? Yes or No: Harry osserva che il cane porta bottiglia la
A: No

Q: Is this sentence grammatical? Yes or No: Harry dice che le donne portano la lampadina
A: ",Harry dice che le donne portano la lampadina,No,Yes,,0
321,ita-r-2-subordinate,"We will give you examples of Italian sentences that follow or violate the rules of a shared grammar, along with labels 'Yes' or 'No'. You will then generate a label, 'Yes' or 'No', for a new unlabeled sentence that may follow or violate the same grammar rules.

Q: Is this sentence grammatical? Yes or No: Leela vede che gli insegnanti portano giornale il
A: No

Q: Is this sentence grammatical? Yes or No: Gomu dice che il cane tiene il giocattolo
A: Yes

Q: Is this sentence grammatical? Yes or No: Gomu osserva che il cane porta bottiglia la
A: No

Q: Is this sentence grammatical? Yes or No: Sheela dice che i cani tengono il pesce
A: Yes

Q: Is this sentence grammatical? Yes or No: Leela afferma che i cani mangiano pesce il
A: No

Q: Is this sentence grammatical? Yes or No: Tom dice che un' uomo tiene una bottiglia
A: Yes

Q: Is this sentence grammatical? Yes or No: Maria osserva che un' uomo porta cappello un
A: No

Q: Is this sentence grammatical? Yes or No: Sheela sa che i ragazzi portano giocattolo il
A: No

Q: Is this sentence grammatical? Yes or No: Leela afferma che gli insegnanti salgono scala la
A: No

Q: Is this sentence grammatical? Yes or No: Harry osserva che il cane porta la bottiglia
A: Yes

Q: Is this sentence grammatical? Yes or No: Sheela afferma che il gatto prende bottiglia la
A: ",Sheela afferma che il gatto prende bottiglia la,No,No,,0
322,ita-r-2-subordinate,"We will give you examples of Italian sentences that follow or violate the rules of a shared grammar, along with labels 'Yes' or 'No'. You will then generate a label, 'Yes' or 'No', for a new unlabeled sentence that may follow or violate the same grammar rules.

Q: Is this sentence grammatical? Yes or No: Leela vede che gli insegnanti portano il giornale
A: Yes

Q: Is this sentence grammatical? Yes or No: Gomu dice che il cane tiene giocattolo il
A: No

Q: Is this sentence grammatical? Yes or No: Gomu osserva che il cane porta la bottiglia
A: Yes

Q: Is this sentence grammatical? Yes or No: Sheela dice che i cani tengono pesce il
A: No

Q: Is this sentence grammatical? Yes or No: Leela afferma che i cani mangiano il pesce
A: Yes

Q: Is this sentence grammatical? Yes or No: Tom dice che un' uomo tiene bottiglia una
A: No

Q: Is this sentence grammatical? Yes or No: Maria osserva che un' uomo porta cappello un
A: No

Q: Is this sentence grammatical? Yes or No: Sheela sa che i ragazzi portano il giocattolo
A: Yes

Q: Is this sentence grammatical? Yes or No: Leela afferma che gli insegnanti salgono la scala
A: Yes

Q: Is this sentence grammatical? Yes or No: Harry osserva che il cane porta bottiglia la
A: No

Q: Is this sentence grammatical? Yes or No: John vede che l'uomo prende bottiglia la
A: ",John vede che l'uomo prende bottiglia la,No,No,,0
323,ita-r-2-subordinate,"We will give you examples of Italian sentences that follow or violate the rules of a shared grammar, along with labels 'Yes' or 'No'. You will then generate a label, 'Yes' or 'No', for a new unlabeled sentence that may follow or violate the same grammar rules.

Q: Is this sentence grammatical? Yes or No: Leela vede che gli insegnanti portano giornale il
A: No

Q: Is this sentence grammatical? Yes or No: Gomu dice che il cane tiene giocattolo il
A: No

Q: Is this sentence grammatical? Yes or No: Gomu osserva che il cane porta la bottiglia
A: Yes

Q: Is this sentence grammatical? Yes or No: Sheela dice che i cani tengono il pesce
A: Yes

Q: Is this sentence grammatical? Yes or No: Leela afferma che i cani mangiano pesce il
A: No

Q: Is this sentence grammatical? Yes or No: Tom dice che un' uomo tiene bottiglia una
A: No

Q: Is this sentence grammatical? Yes or No: Maria osserva che un' uomo porta cappello un
A: No

Q: Is this sentence grammatical? Yes or No: Sheela sa che i ragazzi portano giocattolo il
A: No

Q: Is this sentence grammatical? Yes or No: Leela afferma che gli insegnanti salgono la scala
A: Yes

Q: Is this sentence grammatical? Yes or No: Harry osserva che il cane porta la bottiglia
A: Yes

Q: Is this sentence grammatical? Yes or No: Tom vede che i ragazzi prendono il topo
A: ",Tom vede che i ragazzi prendono il topo,No,Yes,,0
324,ita-r-2-subordinate,"We will give you examples of Italian sentences that follow or violate the rules of a shared grammar, along with labels 'Yes' or 'No'. You will then generate a label, 'Yes' or 'No', for a new unlabeled sentence that may follow or violate the same grammar rules.

Q: Is this sentence grammatical? Yes or No: Leela vede che gli insegnanti portano il giornale
A: Yes

Q: Is this sentence grammatical? Yes or No: Gomu dice che il cane tiene giocattolo il
A: No

Q: Is this sentence grammatical? Yes or No: Gomu osserva che il cane porta la bottiglia
A: Yes

Q: Is this sentence grammatical? Yes or No: Sheela dice che i cani tengono il pesce
A: Yes

Q: Is this sentence grammatical? Yes or No: Leela afferma che i cani mangiano il pesce
A: Yes

Q: Is this sentence grammatical? Yes or No: Tom dice che un' uomo tiene una bottiglia
A: Yes

Q: Is this sentence grammatical? Yes or No: Maria osserva che un' uomo porta un cappello
A: Yes

Q: Is this sentence grammatical? Yes or No: Sheela sa che i ragazzi portano giocattolo il
A: No

Q: Is this sentence grammatical? Yes or No: Leela afferma che gli insegnanti salgono scala la
A: No

Q: Is this sentence grammatical? Yes or No: Harry osserva che il cane porta la bottiglia
A: Yes

Q: Is this sentence grammatical? Yes or No: Maria sa che i cani mangiano il cetriolo
A: ",Maria sa che i cani mangiano il cetriolo,Yes,Yes,,0
325,ita-r-2-subordinate,"We will give you examples of Italian sentences that follow or violate the rules of a shared grammar, along with labels 'Yes' or 'No'. You will then generate a label, 'Yes' or 'No', for a new unlabeled sentence that may follow or violate the same grammar rules.

Q: Is this sentence grammatical? Yes or No: Leela vede che gli insegnanti portano il giornale
A: Yes

Q: Is this sentence grammatical? Yes or No: Gomu dice che il cane tiene giocattolo il
A: No

Q: Is this sentence grammatical? Yes or No: Gomu osserva che il cane porta bottiglia la
A: No

Q: Is this sentence grammatical? Yes or No: Sheela dice che i cani tengono pesce il
A: No

Q: Is this sentence grammatical? Yes or No: Leela afferma che i cani mangiano il pesce
A: Yes

Q: Is this sentence grammatical? Yes or No: Tom dice che un' uomo tiene una bottiglia
A: Yes

Q: Is this sentence grammatical? Yes or No: Maria osserva che un' uomo porta cappello un
A: No

Q: Is this sentence grammatical? Yes or No: Sheela sa che i ragazzi portano giocattolo il
A: No

Q: Is this sentence grammatical? Yes or No: Leela afferma che gli insegnanti salgono la scala
A: Yes

Q: Is this sentence grammatical? Yes or No: Harry osserva che il cane porta bottiglia la
A: No

Q: Is this sentence grammatical? Yes or No: Tom dice che un gatto porta una tazza
A: ",Tom dice che un gatto porta una tazza,Yes,Yes,,0
326,ita-r-2-subordinate,"We will give you examples of Italian sentences that follow or violate the rules of a shared grammar, along with labels 'Yes' or 'No'. You will then generate a label, 'Yes' or 'No', for a new unlabeled sentence that may follow or violate the same grammar rules.

Q: Is this sentence grammatical? Yes or No: Leela vede che gli insegnanti portano il giornale
A: Yes

Q: Is this sentence grammatical? Yes or No: Gomu dice che il cane tiene il giocattolo
A: Yes

Q: Is this sentence grammatical? Yes or No: Gomu osserva che il cane porta la bottiglia
A: Yes

Q: Is this sentence grammatical? Yes or No: Sheela dice che i cani tengono il pesce
A: Yes

Q: Is this sentence grammatical? Yes or No: Leela afferma che i cani mangiano pesce il
A: No

Q: Is this sentence grammatical? Yes or No: Tom dice che un' uomo tiene bottiglia una
A: No

Q: Is this sentence grammatical? Yes or No: Maria osserva che un' uomo porta cappello un
A: No

Q: Is this sentence grammatical? Yes or No: Sheela sa che i ragazzi portano il giocattolo
A: Yes

Q: Is this sentence grammatical? Yes or No: Leela afferma che gli insegnanti salgono scala la
A: No

Q: Is this sentence grammatical? Yes or No: Harry osserva che il cane porta bottiglia la
A: No

Q: Is this sentence grammatical? Yes or No: Sheela dice che un' uomo porta la lampadina
A: ",Sheela dice che un' uomo porta la lampadina,Yes,Yes,,0
327,ita-r-2-subordinate,"We will give you examples of Italian sentences that follow or violate the rules of a shared grammar, along with labels 'Yes' or 'No'. You will then generate a label, 'Yes' or 'No', for a new unlabeled sentence that may follow or violate the same grammar rules.

Q: Is this sentence grammatical? Yes or No: Leela vede che gli insegnanti portano giornale il
A: No

Q: Is this sentence grammatical? Yes or No: Gomu dice che il cane tiene il giocattolo
A: Yes

Q: Is this sentence grammatical? Yes or No: Gomu osserva che il cane porta bottiglia la
A: No

Q: Is this sentence grammatical? Yes or No: Sheela dice che i cani tengono il pesce
A: Yes

Q: Is this sentence grammatical? Yes or No: Leela afferma che i cani mangiano il pesce
A: Yes

Q: Is this sentence grammatical? Yes or No: Tom dice che un' uomo tiene bottiglia una
A: No

Q: Is this sentence grammatical? Yes or No: Maria osserva che un' uomo porta cappello un
A: No

Q: Is this sentence grammatical? Yes or No: Sheela sa che i ragazzi portano il giocattolo
A: Yes

Q: Is this sentence grammatical? Yes or No: Leela afferma che gli insegnanti salgono scala la
A: No

Q: Is this sentence grammatical? Yes or No: Harry osserva che il cane porta bottiglia la
A: No

Q: Is this sentence grammatical? Yes or No: John osserva che un gatto porta lampadina la
A: ",John osserva che un gatto porta lampadina la,No,No,,0
328,ita-r-2-subordinate,"We will give you examples of Italian sentences that follow or violate the rules of a shared grammar, along with labels 'Yes' or 'No'. You will then generate a label, 'Yes' or 'No', for a new unlabeled sentence that may follow or violate the same grammar rules.

Q: Is this sentence grammatical? Yes or No: Leela vede che gli insegnanti portano il giornale
A: Yes

Q: Is this sentence grammatical? Yes or No: Gomu dice che il cane tiene giocattolo il
A: No

Q: Is this sentence grammatical? Yes or No: Gomu osserva che il cane porta bottiglia la
A: No

Q: Is this sentence grammatical? Yes or No: Sheela dice che i cani tengono il pesce
A: Yes

Q: Is this sentence grammatical? Yes or No: Leela afferma che i cani mangiano pesce il
A: No

Q: Is this sentence grammatical? Yes or No: Tom dice che un' uomo tiene una bottiglia
A: Yes

Q: Is this sentence grammatical? Yes or No: Maria osserva che un' uomo porta cappello un
A: No

Q: Is this sentence grammatical? Yes or No: Sheela sa che i ragazzi portano il giocattolo
A: Yes

Q: Is this sentence grammatical? Yes or No: Leela afferma che gli insegnanti salgono la scala
A: Yes

Q: Is this sentence grammatical? Yes or No: Harry osserva che il cane porta la bottiglia
A: Yes

Q: Is this sentence grammatical? Yes or No: John osserva che le ragazze salgono la roccia
A: ",John osserva che le ragazze salgono la roccia,No,Yes,,0
329,ita-r-2-subordinate,"We will give you examples of Italian sentences that follow or violate the rules of a shared grammar, along with labels 'Yes' or 'No'. You will then generate a label, 'Yes' or 'No', for a new unlabeled sentence that may follow or violate the same grammar rules.

Q: Is this sentence grammatical? Yes or No: Leela vede che gli insegnanti portano giornale il
A: No

Q: Is this sentence grammatical? Yes or No: Gomu dice che il cane tiene giocattolo il
A: No

Q: Is this sentence grammatical? Yes or No: Gomu osserva che il cane porta la bottiglia
A: Yes

Q: Is this sentence grammatical? Yes or No: Sheela dice che i cani tengono pesce il
A: No

Q: Is this sentence grammatical? Yes or No: Leela afferma che i cani mangiano il pesce
A: Yes

Q: Is this sentence grammatical? Yes or No: Tom dice che un' uomo tiene bottiglia una
A: No

Q: Is this sentence grammatical? Yes or No: Maria osserva che un' uomo porta un cappello
A: Yes

Q: Is this sentence grammatical? Yes or No: Sheela sa che i ragazzi portano giocattolo il
A: No

Q: Is this sentence grammatical? Yes or No: Leela afferma che gli insegnanti salgono scala la
A: No

Q: Is this sentence grammatical? Yes or No: Harry osserva che il cane porta la bottiglia
A: Yes

Q: Is this sentence grammatical? Yes or No: Sheela vede che i cani prendono il gesso
A: ",Sheela vede che i cani prendono il gesso,No,Yes,,0
330,ita-r-2-subordinate,"We will give you examples of Italian sentences that follow or violate the rules of a shared grammar, along with labels 'Yes' or 'No'. You will then generate a label, 'Yes' or 'No', for a new unlabeled sentence that may follow or violate the same grammar rules.

Q: Is this sentence grammatical? Yes or No: Leela vede che gli insegnanti portano giornale il
A: No

Q: Is this sentence grammatical? Yes or No: Gomu dice che il cane tiene giocattolo il
A: No

Q: Is this sentence grammatical? Yes or No: Gomu osserva che il cane porta bottiglia la
A: No

Q: Is this sentence grammatical? Yes or No: Sheela dice che i cani tengono pesce il
A: No

Q: Is this sentence grammatical? Yes or No: Leela afferma che i cani mangiano pesce il
A: No

Q: Is this sentence grammatical? Yes or No: Tom dice che un' uomo tiene una bottiglia
A: Yes

Q: Is this sentence grammatical? Yes or No: Maria osserva che un' uomo porta cappello un
A: No

Q: Is this sentence grammatical? Yes or No: Sheela sa che i ragazzi portano il giocattolo
A: Yes

Q: Is this sentence grammatical? Yes or No: Leela afferma che gli insegnanti salgono la scala
A: Yes

Q: Is this sentence grammatical? Yes or No: Harry osserva che il cane porta la bottiglia
A: Yes

Q: Is this sentence grammatical? Yes or No: Harry sa che le donne portano la lampadina
A: ",Harry sa che le donne portano la lampadina,No,Yes,,0
331,ita-r-2-subordinate,"We will give you examples of Italian sentences that follow or violate the rules of a shared grammar, along with labels 'Yes' or 'No'. You will then generate a label, 'Yes' or 'No', for a new unlabeled sentence that may follow or violate the same grammar rules.

Q: Is this sentence grammatical? Yes or No: Leela vede che gli insegnanti portano giornale il
A: No

Q: Is this sentence grammatical? Yes or No: Gomu dice che il cane tiene il giocattolo
A: Yes

Q: Is this sentence grammatical? Yes or No: Gomu osserva che il cane porta bottiglia la
A: No

Q: Is this sentence grammatical? Yes or No: Sheela dice che i cani tengono il pesce
A: Yes

Q: Is this sentence grammatical? Yes or No: Leela afferma che i cani mangiano il pesce
A: Yes

Q: Is this sentence grammatical? Yes or No: Tom dice che un' uomo tiene bottiglia una
A: No

Q: Is this sentence grammatical? Yes or No: Maria osserva che un' uomo porta cappello un
A: No

Q: Is this sentence grammatical? Yes or No: Sheela sa che i ragazzi portano giocattolo il
A: No

Q: Is this sentence grammatical? Yes or No: Leela afferma che gli insegnanti salgono la scala
A: Yes

Q: Is this sentence grammatical? Yes or No: Harry osserva che il cane porta bottiglia la
A: No

Q: Is this sentence grammatical? Yes or No: Leela dice che una donna mangia cetriolo il
A: ",Leela dice che una donna mangia cetriolo il,No,No,,0
332,ita-r-2-subordinate,"We will give you examples of Italian sentences that follow or violate the rules of a shared grammar, along with labels 'Yes' or 'No'. You will then generate a label, 'Yes' or 'No', for a new unlabeled sentence that may follow or violate the same grammar rules.

Q: Is this sentence grammatical? Yes or No: Leela vede che gli insegnanti portano il giornale
A: Yes

Q: Is this sentence grammatical? Yes or No: Gomu dice che il cane tiene il giocattolo
A: Yes

Q: Is this sentence grammatical? Yes or No: Gomu osserva che il cane porta bottiglia la
A: No

Q: Is this sentence grammatical? Yes or No: Sheela dice che i cani tengono il pesce
A: Yes

Q: Is this sentence grammatical? Yes or No: Leela afferma che i cani mangiano pesce il
A: No

Q: Is this sentence grammatical? Yes or No: Tom dice che un' uomo tiene bottiglia una
A: No

Q: Is this sentence grammatical? Yes or No: Maria osserva che un' uomo porta cappello un
A: No

Q: Is this sentence grammatical? Yes or No: Sheela sa che i ragazzi portano giocattolo il
A: No

Q: Is this sentence grammatical? Yes or No: Leela afferma che gli insegnanti salgono la scala
A: Yes

Q: Is this sentence grammatical? Yes or No: Harry osserva che il cane porta la bottiglia
A: Yes

Q: Is this sentence grammatical? Yes or No: Gomu vede che i cani tengono la lampadina
A: ",Gomu vede che i cani tengono la lampadina,No,Yes,,0
333,ita-r-2-subordinate,"We will give you examples of Italian sentences that follow or violate the rules of a shared grammar, along with labels 'Yes' or 'No'. You will then generate a label, 'Yes' or 'No', for a new unlabeled sentence that may follow or violate the same grammar rules.

Q: Is this sentence grammatical? Yes or No: Leela vede che gli insegnanti portano il giornale
A: Yes

Q: Is this sentence grammatical? Yes or No: Gomu dice che il cane tiene giocattolo il
A: No

Q: Is this sentence grammatical? Yes or No: Gomu osserva che il cane porta bottiglia la
A: No

Q: Is this sentence grammatical? Yes or No: Sheela dice che i cani tengono il pesce
A: Yes

Q: Is this sentence grammatical? Yes or No: Leela afferma che i cani mangiano il pesce
A: Yes

Q: Is this sentence grammatical? Yes or No: Tom dice che un' uomo tiene una bottiglia
A: Yes

Q: Is this sentence grammatical? Yes or No: Maria osserva che un' uomo porta un cappello
A: Yes

Q: Is this sentence grammatical? Yes or No: Sheela sa che i ragazzi portano giocattolo il
A: No

Q: Is this sentence grammatical? Yes or No: Leela afferma che gli insegnanti salgono la scala
A: Yes

Q: Is this sentence grammatical? Yes or No: Harry osserva che il cane porta bottiglia la
A: No

Q: Is this sentence grammatical? Yes or No: Gomu vede che le ragazze tengono lampadina la
A: ",Gomu vede che le ragazze tengono lampadina la,No,No,,0
334,ita-r-2-subordinate,"We will give you examples of Italian sentences that follow or violate the rules of a shared grammar, along with labels 'Yes' or 'No'. You will then generate a label, 'Yes' or 'No', for a new unlabeled sentence that may follow or violate the same grammar rules.

Q: Is this sentence grammatical? Yes or No: Leela vede che gli insegnanti portano il giornale
A: Yes

Q: Is this sentence grammatical? Yes or No: Gomu dice che il cane tiene il giocattolo
A: Yes

Q: Is this sentence grammatical? Yes or No: Gomu osserva che il cane porta bottiglia la
A: No

Q: Is this sentence grammatical? Yes or No: Sheela dice che i cani tengono pesce il
A: No

Q: Is this sentence grammatical? Yes or No: Leela afferma che i cani mangiano pesce il
A: No

Q: Is this sentence grammatical? Yes or No: Tom dice che un' uomo tiene una bottiglia
A: Yes

Q: Is this sentence grammatical? Yes or No: Maria osserva che un' uomo porta un cappello
A: Yes

Q: Is this sentence grammatical? Yes or No: Sheela sa che i ragazzi portano giocattolo il
A: No

Q: Is this sentence grammatical? Yes or No: Leela afferma che gli insegnanti salgono la scala
A: Yes

Q: Is this sentence grammatical? Yes or No: Harry osserva che il cane porta la bottiglia
A: Yes

Q: Is this sentence grammatical? Yes or No: Sheela vede che i cani salgono collina la
A: ",Sheela vede che i cani salgono collina la,No,No,,0
335,ita-r-2-subordinate,"We will give you examples of Italian sentences that follow or violate the rules of a shared grammar, along with labels 'Yes' or 'No'. You will then generate a label, 'Yes' or 'No', for a new unlabeled sentence that may follow or violate the same grammar rules.

Q: Is this sentence grammatical? Yes or No: Leela vede che gli insegnanti portano giornale il
A: No

Q: Is this sentence grammatical? Yes or No: Gomu dice che il cane tiene il giocattolo
A: Yes

Q: Is this sentence grammatical? Yes or No: Gomu osserva che il cane porta la bottiglia
A: Yes

Q: Is this sentence grammatical? Yes or No: Sheela dice che i cani tengono il pesce
A: Yes

Q: Is this sentence grammatical? Yes or No: Leela afferma che i cani mangiano pesce il
A: No

Q: Is this sentence grammatical? Yes or No: Tom dice che un' uomo tiene una bottiglia
A: Yes

Q: Is this sentence grammatical? Yes or No: Maria osserva che un' uomo porta cappello un
A: No

Q: Is this sentence grammatical? Yes or No: Sheela sa che i ragazzi portano il giocattolo
A: Yes

Q: Is this sentence grammatical? Yes or No: Leela afferma che gli insegnanti salgono scala la
A: No

Q: Is this sentence grammatical? Yes or No: Harry osserva che il cane porta bottiglia la
A: No

Q: Is this sentence grammatical? Yes or No: Leela vede che la donna porta la tazza
A: ",Leela vede che la donna porta la tazza,Yes,Yes,,0
336,ita-r-2-subordinate,"We will give you examples of Italian sentences that follow or violate the rules of a shared grammar, along with labels 'Yes' or 'No'. You will then generate a label, 'Yes' or 'No', for a new unlabeled sentence that may follow or violate the same grammar rules.

Q: Is this sentence grammatical? Yes or No: Leela vede che gli insegnanti portano giornale il
A: No

Q: Is this sentence grammatical? Yes or No: Gomu dice che il cane tiene giocattolo il
A: No

Q: Is this sentence grammatical? Yes or No: Gomu osserva che il cane porta bottiglia la
A: No

Q: Is this sentence grammatical? Yes or No: Sheela dice che i cani tengono pesce il
A: No

Q: Is this sentence grammatical? Yes or No: Leela afferma che i cani mangiano il pesce
A: Yes

Q: Is this sentence grammatical? Yes or No: Tom dice che un' uomo tiene bottiglia una
A: No

Q: Is this sentence grammatical? Yes or No: Maria osserva che un' uomo porta cappello un
A: No

Q: Is this sentence grammatical? Yes or No: Sheela sa che i ragazzi portano il giocattolo
A: Yes

Q: Is this sentence grammatical? Yes or No: Leela afferma che gli insegnanti salgono scala la
A: No

Q: Is this sentence grammatical? Yes or No: Harry osserva che il cane porta bottiglia la
A: No

Q: Is this sentence grammatical? Yes or No: Harry vede che un' insegnante mangia cetriolo il
A: ",Harry vede che un' insegnante mangia cetriolo il,No,No,,0
337,ita-r-2-subordinate,"We will give you examples of Italian sentences that follow or violate the rules of a shared grammar, along with labels 'Yes' or 'No'. You will then generate a label, 'Yes' or 'No', for a new unlabeled sentence that may follow or violate the same grammar rules.

Q: Is this sentence grammatical? Yes or No: Leela vede che gli insegnanti portano il giornale
A: Yes

Q: Is this sentence grammatical? Yes or No: Gomu dice che il cane tiene il giocattolo
A: Yes

Q: Is this sentence grammatical? Yes or No: Gomu osserva che il cane porta bottiglia la
A: No

Q: Is this sentence grammatical? Yes or No: Sheela dice che i cani tengono pesce il
A: No

Q: Is this sentence grammatical? Yes or No: Leela afferma che i cani mangiano pesce il
A: No

Q: Is this sentence grammatical? Yes or No: Tom dice che un' uomo tiene bottiglia una
A: No

Q: Is this sentence grammatical? Yes or No: Maria osserva che un' uomo porta cappello un
A: No

Q: Is this sentence grammatical? Yes or No: Sheela sa che i ragazzi portano il giocattolo
A: Yes

Q: Is this sentence grammatical? Yes or No: Leela afferma che gli insegnanti salgono scala la
A: No

Q: Is this sentence grammatical? Yes or No: Harry osserva che il cane porta bottiglia la
A: No

Q: Is this sentence grammatical? Yes or No: Tom vede che gli insegnanti portano bottiglia la
A: ",Tom vede che gli insegnanti portano bottiglia la,No,No,,0
338,ita-r-2-subordinate,"We will give you examples of Italian sentences that follow or violate the rules of a shared grammar, along with labels 'Yes' or 'No'. You will then generate a label, 'Yes' or 'No', for a new unlabeled sentence that may follow or violate the same grammar rules.

Q: Is this sentence grammatical? Yes or No: Leela vede che gli insegnanti portano il giornale
A: Yes

Q: Is this sentence grammatical? Yes or No: Gomu dice che il cane tiene il giocattolo
A: Yes

Q: Is this sentence grammatical? Yes or No: Gomu osserva che il cane porta la bottiglia
A: Yes

Q: Is this sentence grammatical? Yes or No: Sheela dice che i cani tengono il pesce
A: Yes

Q: Is this sentence grammatical? Yes or No: Leela afferma che i cani mangiano il pesce
A: Yes

Q: Is this sentence grammatical? Yes or No: Tom dice che un' uomo tiene una bottiglia
A: Yes

Q: Is this sentence grammatical? Yes or No: Maria osserva che un' uomo porta cappello un
A: No

Q: Is this sentence grammatical? Yes or No: Sheela sa che i ragazzi portano il giocattolo
A: Yes

Q: Is this sentence grammatical? Yes or No: Leela afferma che gli insegnanti salgono scala la
A: No

Q: Is this sentence grammatical? Yes or No: Harry osserva che il cane porta bottiglia la
A: No

Q: Is this sentence grammatical? Yes or No: Tom sa che una donna prende la bottiglia
A: ",Tom sa che una donna prende la bottiglia,Yes,Yes,,0
339,ita-r-2-subordinate,"We will give you examples of Italian sentences that follow or violate the rules of a shared grammar, along with labels 'Yes' or 'No'. You will then generate a label, 'Yes' or 'No', for a new unlabeled sentence that may follow or violate the same grammar rules.

Q: Is this sentence grammatical? Yes or No: Leela vede che gli insegnanti portano giornale il
A: No

Q: Is this sentence grammatical? Yes or No: Gomu dice che il cane tiene giocattolo il
A: No

Q: Is this sentence grammatical? Yes or No: Gomu osserva che il cane porta la bottiglia
A: Yes

Q: Is this sentence grammatical? Yes or No: Sheela dice che i cani tengono pesce il
A: No

Q: Is this sentence grammatical? Yes or No: Leela afferma che i cani mangiano il pesce
A: Yes

Q: Is this sentence grammatical? Yes or No: Tom dice che un' uomo tiene una bottiglia
A: Yes

Q: Is this sentence grammatical? Yes or No: Maria osserva che un' uomo porta cappello un
A: No

Q: Is this sentence grammatical? Yes or No: Sheela sa che i ragazzi portano il giocattolo
A: Yes

Q: Is this sentence grammatical? Yes or No: Leela afferma che gli insegnanti salgono la scala
A: Yes

Q: Is this sentence grammatical? Yes or No: Harry osserva che il cane porta la bottiglia
A: Yes

Q: Is this sentence grammatical? Yes or No: Gomu osserva che una ragazza porta scatola una
A: ",Gomu osserva che una ragazza porta scatola una,No,No,,0
340,ita-r-2-subordinate,"We will give you examples of Italian sentences that follow or violate the rules of a shared grammar, along with labels 'Yes' or 'No'. You will then generate a label, 'Yes' or 'No', for a new unlabeled sentence that may follow or violate the same grammar rules.

Q: Is this sentence grammatical? Yes or No: Leela vede che gli insegnanti portano giornale il
A: No

Q: Is this sentence grammatical? Yes or No: Gomu dice che il cane tiene il giocattolo
A: Yes

Q: Is this sentence grammatical? Yes or No: Gomu osserva che il cane porta bottiglia la
A: No

Q: Is this sentence grammatical? Yes or No: Sheela dice che i cani tengono pesce il
A: No

Q: Is this sentence grammatical? Yes or No: Leela afferma che i cani mangiano pesce il
A: No

Q: Is this sentence grammatical? Yes or No: Tom dice che un' uomo tiene una bottiglia
A: Yes

Q: Is this sentence grammatical? Yes or No: Maria osserva che un' uomo porta un cappello
A: Yes

Q: Is this sentence grammatical? Yes or No: Sheela sa che i ragazzi portano giocattolo il
A: No

Q: Is this sentence grammatical? Yes or No: Leela afferma che gli insegnanti salgono la scala
A: Yes

Q: Is this sentence grammatical? Yes or No: Harry osserva che il cane porta la bottiglia
A: Yes

Q: Is this sentence grammatical? Yes or No: Sheela sa che gli insegnanti prendono il cappello
A: ",Sheela sa che gli insegnanti prendono il cappello,No,Yes,,0
341,ita-r-2-subordinate,"We will give you examples of Italian sentences that follow or violate the rules of a shared grammar, along with labels 'Yes' or 'No'. You will then generate a label, 'Yes' or 'No', for a new unlabeled sentence that may follow or violate the same grammar rules.

Q: Is this sentence grammatical? Yes or No: Leela vede che gli insegnanti portano giornale il
A: No

Q: Is this sentence grammatical? Yes or No: Gomu dice che il cane tiene giocattolo il
A: No

Q: Is this sentence grammatical? Yes or No: Gomu osserva che il cane porta bottiglia la
A: No

Q: Is this sentence grammatical? Yes or No: Sheela dice che i cani tengono pesce il
A: No

Q: Is this sentence grammatical? Yes or No: Leela afferma che i cani mangiano il pesce
A: Yes

Q: Is this sentence grammatical? Yes or No: Tom dice che un' uomo tiene bottiglia una
A: No

Q: Is this sentence grammatical? Yes or No: Maria osserva che un' uomo porta un cappello
A: Yes

Q: Is this sentence grammatical? Yes or No: Sheela sa che i ragazzi portano giocattolo il
A: No

Q: Is this sentence grammatical? Yes or No: Leela afferma che gli insegnanti salgono la scala
A: Yes

Q: Is this sentence grammatical? Yes or No: Harry osserva che il cane porta bottiglia la
A: No

Q: Is this sentence grammatical? Yes or No: Sheela sa che un cane tiene tazza la
A: ",Sheela sa che un cane tiene tazza la,No,No,,0
342,ita-r-2-subordinate,"We will give you examples of Italian sentences that follow or violate the rules of a shared grammar, along with labels 'Yes' or 'No'. You will then generate a label, 'Yes' or 'No', for a new unlabeled sentence that may follow or violate the same grammar rules.

Q: Is this sentence grammatical? Yes or No: Leela vede che gli insegnanti portano giornale il
A: No

Q: Is this sentence grammatical? Yes or No: Gomu dice che il cane tiene giocattolo il
A: No

Q: Is this sentence grammatical? Yes or No: Gomu osserva che il cane porta bottiglia la
A: No

Q: Is this sentence grammatical? Yes or No: Sheela dice che i cani tengono pesce il
A: No

Q: Is this sentence grammatical? Yes or No: Leela afferma che i cani mangiano il pesce
A: Yes

Q: Is this sentence grammatical? Yes or No: Tom dice che un' uomo tiene bottiglia una
A: No

Q: Is this sentence grammatical? Yes or No: Maria osserva che un' uomo porta cappello un
A: No

Q: Is this sentence grammatical? Yes or No: Sheela sa che i ragazzi portano giocattolo il
A: No

Q: Is this sentence grammatical? Yes or No: Leela afferma che gli insegnanti salgono scala la
A: No

Q: Is this sentence grammatical? Yes or No: Harry osserva che il cane porta la bottiglia
A: Yes

Q: Is this sentence grammatical? Yes or No: Maria sa che un' insegnante prende una tazza
A: ",Maria sa che un' insegnante prende una tazza,No,Yes,,0
343,ita-r-2-subordinate,"We will give you examples of Italian sentences that follow or violate the rules of a shared grammar, along with labels 'Yes' or 'No'. You will then generate a label, 'Yes' or 'No', for a new unlabeled sentence that may follow or violate the same grammar rules.

Q: Is this sentence grammatical? Yes or No: Leela vede che gli insegnanti portano il giornale
A: Yes

Q: Is this sentence grammatical? Yes or No: Gomu dice che il cane tiene giocattolo il
A: No

Q: Is this sentence grammatical? Yes or No: Gomu osserva che il cane porta la bottiglia
A: Yes

Q: Is this sentence grammatical? Yes or No: Sheela dice che i cani tengono pesce il
A: No

Q: Is this sentence grammatical? Yes or No: Leela afferma che i cani mangiano pesce il
A: No

Q: Is this sentence grammatical? Yes or No: Tom dice che un' uomo tiene una bottiglia
A: Yes

Q: Is this sentence grammatical? Yes or No: Maria osserva che un' uomo porta un cappello
A: Yes

Q: Is this sentence grammatical? Yes or No: Sheela sa che i ragazzi portano il giocattolo
A: Yes

Q: Is this sentence grammatical? Yes or No: Leela afferma che gli insegnanti salgono scala la
A: No

Q: Is this sentence grammatical? Yes or No: Harry osserva che il cane porta bottiglia la
A: No

Q: Is this sentence grammatical? Yes or No: Tom afferma che gli uomini mangiano pizza la
A: ",Tom afferma che gli uomini mangiano pizza la,No,No,,0
344,ita-r-2-subordinate,"We will give you examples of Italian sentences that follow or violate the rules of a shared grammar, along with labels 'Yes' or 'No'. You will then generate a label, 'Yes' or 'No', for a new unlabeled sentence that may follow or violate the same grammar rules.

Q: Is this sentence grammatical? Yes or No: Leela vede che gli insegnanti portano il giornale
A: Yes

Q: Is this sentence grammatical? Yes or No: Gomu dice che il cane tiene giocattolo il
A: No

Q: Is this sentence grammatical? Yes or No: Gomu osserva che il cane porta bottiglia la
A: No

Q: Is this sentence grammatical? Yes or No: Sheela dice che i cani tengono il pesce
A: Yes

Q: Is this sentence grammatical? Yes or No: Leela afferma che i cani mangiano il pesce
A: Yes

Q: Is this sentence grammatical? Yes or No: Tom dice che un' uomo tiene una bottiglia
A: Yes

Q: Is this sentence grammatical? Yes or No: Maria osserva che un' uomo porta un cappello
A: Yes

Q: Is this sentence grammatical? Yes or No: Sheela sa che i ragazzi portano il giocattolo
A: Yes

Q: Is this sentence grammatical? Yes or No: Leela afferma che gli insegnanti salgono scala la
A: No

Q: Is this sentence grammatical? Yes or No: Harry osserva che il cane porta la bottiglia
A: Yes

Q: Is this sentence grammatical? Yes or No: Tom dice che la ragazza legge storia una
A: ",Tom dice che la ragazza legge storia una,No,No,,0
345,ita-r-2-subordinate,"We will give you examples of Italian sentences that follow or violate the rules of a shared grammar, along with labels 'Yes' or 'No'. You will then generate a label, 'Yes' or 'No', for a new unlabeled sentence that may follow or violate the same grammar rules.

Q: Is this sentence grammatical? Yes or No: Leela vede che gli insegnanti portano il giornale
A: Yes

Q: Is this sentence grammatical? Yes or No: Gomu dice che il cane tiene giocattolo il
A: No

Q: Is this sentence grammatical? Yes or No: Gomu osserva che il cane porta bottiglia la
A: No

Q: Is this sentence grammatical? Yes or No: Sheela dice che i cani tengono il pesce
A: Yes

Q: Is this sentence grammatical? Yes or No: Leela afferma che i cani mangiano pesce il
A: No

Q: Is this sentence grammatical? Yes or No: Tom dice che un' uomo tiene bottiglia una
A: No

Q: Is this sentence grammatical? Yes or No: Maria osserva che un' uomo porta un cappello
A: Yes

Q: Is this sentence grammatical? Yes or No: Sheela sa che i ragazzi portano il giocattolo
A: Yes

Q: Is this sentence grammatical? Yes or No: Leela afferma che gli insegnanti salgono la scala
A: Yes

Q: Is this sentence grammatical? Yes or No: Harry osserva che il cane porta bottiglia la
A: No

Q: Is this sentence grammatical? Yes or No: Tom vede che le ragazze portano la tazza
A: ",Tom vede che le ragazze portano la tazza,Yes,Yes,,0
346,ita-r-2-subordinate,"We will give you examples of Italian sentences that follow or violate the rules of a shared grammar, along with labels 'Yes' or 'No'. You will then generate a label, 'Yes' or 'No', for a new unlabeled sentence that may follow or violate the same grammar rules.

Q: Is this sentence grammatical? Yes or No: Leela vede che gli insegnanti portano il giornale
A: Yes

Q: Is this sentence grammatical? Yes or No: Gomu dice che il cane tiene il giocattolo
A: Yes

Q: Is this sentence grammatical? Yes or No: Gomu osserva che il cane porta la bottiglia
A: Yes

Q: Is this sentence grammatical? Yes or No: Sheela dice che i cani tengono il pesce
A: Yes

Q: Is this sentence grammatical? Yes or No: Leela afferma che i cani mangiano il pesce
A: Yes

Q: Is this sentence grammatical? Yes or No: Tom dice che un' uomo tiene una bottiglia
A: Yes

Q: Is this sentence grammatical? Yes or No: Maria osserva che un' uomo porta cappello un
A: No

Q: Is this sentence grammatical? Yes or No: Sheela sa che i ragazzi portano giocattolo il
A: No

Q: Is this sentence grammatical? Yes or No: Leela afferma che gli insegnanti salgono scala la
A: No

Q: Is this sentence grammatical? Yes or No: Harry osserva che il cane porta la bottiglia
A: Yes

Q: Is this sentence grammatical? Yes or No: Harry afferma che gli insegnanti portano il topo
A: ",Harry afferma che gli insegnanti portano il topo,No,Yes,,0
347,ita-r-2-subordinate,"We will give you examples of Italian sentences that follow or violate the rules of a shared grammar, along with labels 'Yes' or 'No'. You will then generate a label, 'Yes' or 'No', for a new unlabeled sentence that may follow or violate the same grammar rules.

Q: Is this sentence grammatical? Yes or No: Leela vede che gli insegnanti portano giornale il
A: No

Q: Is this sentence grammatical? Yes or No: Gomu dice che il cane tiene il giocattolo
A: Yes

Q: Is this sentence grammatical? Yes or No: Gomu osserva che il cane porta bottiglia la
A: No

Q: Is this sentence grammatical? Yes or No: Sheela dice che i cani tengono pesce il
A: No

Q: Is this sentence grammatical? Yes or No: Leela afferma che i cani mangiano pesce il
A: No

Q: Is this sentence grammatical? Yes or No: Tom dice che un' uomo tiene bottiglia una
A: No

Q: Is this sentence grammatical? Yes or No: Maria osserva che un' uomo porta un cappello
A: Yes

Q: Is this sentence grammatical? Yes or No: Sheela sa che i ragazzi portano giocattolo il
A: No

Q: Is this sentence grammatical? Yes or No: Leela afferma che gli insegnanti salgono scala la
A: No

Q: Is this sentence grammatical? Yes or No: Harry osserva che il cane porta la bottiglia
A: Yes

Q: Is this sentence grammatical? Yes or No: Maria afferma che i cani salgono albero l'
A: ",Maria afferma che i cani salgono albero l',No,No,,0
348,ita-r-2-subordinate,"We will give you examples of Italian sentences that follow or violate the rules of a shared grammar, along with labels 'Yes' or 'No'. You will then generate a label, 'Yes' or 'No', for a new unlabeled sentence that may follow or violate the same grammar rules.

Q: Is this sentence grammatical? Yes or No: Leela vede che gli insegnanti portano giornale il
A: No

Q: Is this sentence grammatical? Yes or No: Gomu dice che il cane tiene il giocattolo
A: Yes

Q: Is this sentence grammatical? Yes or No: Gomu osserva che il cane porta la bottiglia
A: Yes

Q: Is this sentence grammatical? Yes or No: Sheela dice che i cani tengono pesce il
A: No

Q: Is this sentence grammatical? Yes or No: Leela afferma che i cani mangiano il pesce
A: Yes

Q: Is this sentence grammatical? Yes or No: Tom dice che un' uomo tiene bottiglia una
A: No

Q: Is this sentence grammatical? Yes or No: Maria osserva che un' uomo porta un cappello
A: Yes

Q: Is this sentence grammatical? Yes or No: Sheela sa che i ragazzi portano giocattolo il
A: No

Q: Is this sentence grammatical? Yes or No: Leela afferma che gli insegnanti salgono la scala
A: Yes

Q: Is this sentence grammatical? Yes or No: Harry osserva che il cane porta la bottiglia
A: Yes

Q: Is this sentence grammatical? Yes or No: Sheela afferma che gli insegnanti portano la tazza
A: ",Sheela afferma che gli insegnanti portano la tazza,Yes,Yes,,0
349,ita-r-2-subordinate,"We will give you examples of Italian sentences that follow or violate the rules of a shared grammar, along with labels 'Yes' or 'No'. You will then generate a label, 'Yes' or 'No', for a new unlabeled sentence that may follow or violate the same grammar rules.

Q: Is this sentence grammatical? Yes or No: Leela vede che gli insegnanti portano giornale il
A: No

Q: Is this sentence grammatical? Yes or No: Gomu dice che il cane tiene giocattolo il
A: No

Q: Is this sentence grammatical? Yes or No: Gomu osserva che il cane porta bottiglia la
A: No

Q: Is this sentence grammatical? Yes or No: Sheela dice che i cani tengono il pesce
A: Yes

Q: Is this sentence grammatical? Yes or No: Leela afferma che i cani mangiano pesce il
A: No

Q: Is this sentence grammatical? Yes or No: Tom dice che un' uomo tiene bottiglia una
A: No

Q: Is this sentence grammatical? Yes or No: Maria osserva che un' uomo porta cappello un
A: No

Q: Is this sentence grammatical? Yes or No: Sheela sa che i ragazzi portano il giocattolo
A: Yes

Q: Is this sentence grammatical? Yes or No: Leela afferma che gli insegnanti salgono la scala
A: Yes

Q: Is this sentence grammatical? Yes or No: Harry osserva che il cane porta bottiglia la
A: No

Q: Is this sentence grammatical? Yes or No: Harry dice che il gatto prende gesso il
A: ",Harry dice che il gatto prende gesso il,No,No,,0
350,ita-r-2-subordinate,"We will give you examples of Italian sentences that follow or violate the rules of a shared grammar, along with labels 'Yes' or 'No'. You will then generate a label, 'Yes' or 'No', for a new unlabeled sentence that may follow or violate the same grammar rules.

Q: Is this sentence grammatical? Yes or No: Leela vede che gli insegnanti portano il giornale
A: Yes

Q: Is this sentence grammatical? Yes or No: Gomu dice che il cane tiene giocattolo il
A: No

Q: Is this sentence grammatical? Yes or No: Gomu osserva che il cane porta bottiglia la
A: No

Q: Is this sentence grammatical? Yes or No: Sheela dice che i cani tengono il pesce
A: Yes

Q: Is this sentence grammatical? Yes or No: Leela afferma che i cani mangiano il pesce
A: Yes

Q: Is this sentence grammatical? Yes or No: Tom dice che un' uomo tiene bottiglia una
A: No

Q: Is this sentence grammatical? Yes or No: Maria osserva che un' uomo porta cappello un
A: No

Q: Is this sentence grammatical? Yes or No: Sheela sa che i ragazzi portano giocattolo il
A: No

Q: Is this sentence grammatical? Yes or No: Leela afferma che gli insegnanti salgono la scala
A: Yes

Q: Is this sentence grammatical? Yes or No: Harry osserva che il cane porta la bottiglia
A: Yes

Q: Is this sentence grammatical? Yes or No: Harry osserva che gli insegnanti tengono giocattolo il
A: ",Harry osserva che gli insegnanti tengono giocattolo il,No,No,,0
351,ita-r-2-subordinate,"We will give you examples of Italian sentences that follow or violate the rules of a shared grammar, along with labels 'Yes' or 'No'. You will then generate a label, 'Yes' or 'No', for a new unlabeled sentence that may follow or violate the same grammar rules.

Q: Is this sentence grammatical? Yes or No: Leela vede che gli insegnanti portano il giornale
A: Yes

Q: Is this sentence grammatical? Yes or No: Gomu dice che il cane tiene giocattolo il
A: No

Q: Is this sentence grammatical? Yes or No: Gomu osserva che il cane porta bottiglia la
A: No

Q: Is this sentence grammatical? Yes or No: Sheela dice che i cani tengono il pesce
A: Yes

Q: Is this sentence grammatical? Yes or No: Leela afferma che i cani mangiano pesce il
A: No

Q: Is this sentence grammatical? Yes or No: Tom dice che un' uomo tiene una bottiglia
A: Yes

Q: Is this sentence grammatical? Yes or No: Maria osserva che un' uomo porta un cappello
A: Yes

Q: Is this sentence grammatical? Yes or No: Sheela sa che i ragazzi portano giocattolo il
A: No

Q: Is this sentence grammatical? Yes or No: Leela afferma che gli insegnanti salgono la scala
A: Yes

Q: Is this sentence grammatical? Yes or No: Harry osserva che il cane porta la bottiglia
A: Yes

Q: Is this sentence grammatical? Yes or No: Harry dice che gli insegnanti salgono il tetto
A: ",Harry dice che gli insegnanti salgono il tetto,No,Yes,,0
352,ita-r-2-subordinate,"We will give you examples of Italian sentences that follow or violate the rules of a shared grammar, along with labels 'Yes' or 'No'. You will then generate a label, 'Yes' or 'No', for a new unlabeled sentence that may follow or violate the same grammar rules.

Q: Is this sentence grammatical? Yes or No: Leela vede che gli insegnanti portano giornale il
A: No

Q: Is this sentence grammatical? Yes or No: Gomu dice che il cane tiene il giocattolo
A: Yes

Q: Is this sentence grammatical? Yes or No: Gomu osserva che il cane porta la bottiglia
A: Yes

Q: Is this sentence grammatical? Yes or No: Sheela dice che i cani tengono pesce il
A: No

Q: Is this sentence grammatical? Yes or No: Leela afferma che i cani mangiano il pesce
A: Yes

Q: Is this sentence grammatical? Yes or No: Tom dice che un' uomo tiene una bottiglia
A: Yes

Q: Is this sentence grammatical? Yes or No: Maria osserva che un' uomo porta un cappello
A: Yes

Q: Is this sentence grammatical? Yes or No: Sheela sa che i ragazzi portano il giocattolo
A: Yes

Q: Is this sentence grammatical? Yes or No: Leela afferma che gli insegnanti salgono la scala
A: Yes

Q: Is this sentence grammatical? Yes or No: Harry osserva che il cane porta bottiglia la
A: No

Q: Is this sentence grammatical? Yes or No: Tom afferma che il poeta legge una storia
A: ",Tom afferma che il poeta legge una storia,Yes,Yes,,0
353,ita-r-2-subordinate,"We will give you examples of Italian sentences that follow or violate the rules of a shared grammar, along with labels 'Yes' or 'No'. You will then generate a label, 'Yes' or 'No', for a new unlabeled sentence that may follow or violate the same grammar rules.

Q: Is this sentence grammatical? Yes or No: Leela vede che gli insegnanti portano il giornale
A: Yes

Q: Is this sentence grammatical? Yes or No: Gomu dice che il cane tiene giocattolo il
A: No

Q: Is this sentence grammatical? Yes or No: Gomu osserva che il cane porta bottiglia la
A: No

Q: Is this sentence grammatical? Yes or No: Sheela dice che i cani tengono pesce il
A: No

Q: Is this sentence grammatical? Yes or No: Leela afferma che i cani mangiano il pesce
A: Yes

Q: Is this sentence grammatical? Yes or No: Tom dice che un' uomo tiene bottiglia una
A: No

Q: Is this sentence grammatical? Yes or No: Maria osserva che un' uomo porta cappello un
A: No

Q: Is this sentence grammatical? Yes or No: Sheela sa che i ragazzi portano giocattolo il
A: No

Q: Is this sentence grammatical? Yes or No: Leela afferma che gli insegnanti salgono scala la
A: No

Q: Is this sentence grammatical? Yes or No: Harry osserva che il cane porta la bottiglia
A: Yes

Q: Is this sentence grammatical? Yes or No: John dice che il gatto porta pesce il
A: ",John dice che il gatto porta pesce il,No,No,,0
354,ita-r-2-subordinate,"We will give you examples of Italian sentences that follow or violate the rules of a shared grammar, along with labels 'Yes' or 'No'. You will then generate a label, 'Yes' or 'No', for a new unlabeled sentence that may follow or violate the same grammar rules.

Q: Is this sentence grammatical? Yes or No: Leela vede che gli insegnanti portano giornale il
A: No

Q: Is this sentence grammatical? Yes or No: Gomu dice che il cane tiene il giocattolo
A: Yes

Q: Is this sentence grammatical? Yes or No: Gomu osserva che il cane porta la bottiglia
A: Yes

Q: Is this sentence grammatical? Yes or No: Sheela dice che i cani tengono pesce il
A: No

Q: Is this sentence grammatical? Yes or No: Leela afferma che i cani mangiano il pesce
A: Yes

Q: Is this sentence grammatical? Yes or No: Tom dice che un' uomo tiene una bottiglia
A: Yes

Q: Is this sentence grammatical? Yes or No: Maria osserva che un' uomo porta un cappello
A: Yes

Q: Is this sentence grammatical? Yes or No: Sheela sa che i ragazzi portano giocattolo il
A: No

Q: Is this sentence grammatical? Yes or No: Leela afferma che gli insegnanti salgono scala la
A: No

Q: Is this sentence grammatical? Yes or No: Harry osserva che il cane porta la bottiglia
A: Yes

Q: Is this sentence grammatical? Yes or No: John osserva che un ragazzo tiene scatola la
A: ",John osserva che un ragazzo tiene scatola la,No,No,,0
355,ita-r-2-subordinate,"We will give you examples of Italian sentences that follow or violate the rules of a shared grammar, along with labels 'Yes' or 'No'. You will then generate a label, 'Yes' or 'No', for a new unlabeled sentence that may follow or violate the same grammar rules.

Q: Is this sentence grammatical? Yes or No: Leela vede che gli insegnanti portano giornale il
A: No

Q: Is this sentence grammatical? Yes or No: Gomu dice che il cane tiene giocattolo il
A: No

Q: Is this sentence grammatical? Yes or No: Gomu osserva che il cane porta bottiglia la
A: No

Q: Is this sentence grammatical? Yes or No: Sheela dice che i cani tengono pesce il
A: No

Q: Is this sentence grammatical? Yes or No: Leela afferma che i cani mangiano pesce il
A: No

Q: Is this sentence grammatical? Yes or No: Tom dice che un' uomo tiene bottiglia una
A: No

Q: Is this sentence grammatical? Yes or No: Maria osserva che un' uomo porta cappello un
A: No

Q: Is this sentence grammatical? Yes or No: Sheela sa che i ragazzi portano giocattolo il
A: No

Q: Is this sentence grammatical? Yes or No: Leela afferma che gli insegnanti salgono scala la
A: No

Q: Is this sentence grammatical? Yes or No: Harry osserva che il cane porta la bottiglia
A: Yes

Q: Is this sentence grammatical? Yes or No: Harry dice che gli insegnanti prendono giocattolo il
A: ",Harry dice che gli insegnanti prendono giocattolo il,No,No,,0
356,ita-r-2-subordinate,"We will give you examples of Italian sentences that follow or violate the rules of a shared grammar, along with labels 'Yes' or 'No'. You will then generate a label, 'Yes' or 'No', for a new unlabeled sentence that may follow or violate the same grammar rules.

Q: Is this sentence grammatical? Yes or No: Leela vede che gli insegnanti portano il giornale
A: Yes

Q: Is this sentence grammatical? Yes or No: Gomu dice che il cane tiene giocattolo il
A: No

Q: Is this sentence grammatical? Yes or No: Gomu osserva che il cane porta la bottiglia
A: Yes

Q: Is this sentence grammatical? Yes or No: Sheela dice che i cani tengono pesce il
A: No

Q: Is this sentence grammatical? Yes or No: Leela afferma che i cani mangiano pesce il
A: No

Q: Is this sentence grammatical? Yes or No: Tom dice che un' uomo tiene una bottiglia
A: Yes

Q: Is this sentence grammatical? Yes or No: Maria osserva che un' uomo porta un cappello
A: Yes

Q: Is this sentence grammatical? Yes or No: Sheela sa che i ragazzi portano il giocattolo
A: Yes

Q: Is this sentence grammatical? Yes or No: Leela afferma che gli insegnanti salgono scala la
A: No

Q: Is this sentence grammatical? Yes or No: Harry osserva che il cane porta bottiglia la
A: No

Q: Is this sentence grammatical? Yes or No: Gomu sa che gli uomini prendono pesce il
A: ",Gomu sa che gli uomini prendono pesce il,No,No,,0
357,ita-r-2-subordinate,"We will give you examples of Italian sentences that follow or violate the rules of a shared grammar, along with labels 'Yes' or 'No'. You will then generate a label, 'Yes' or 'No', for a new unlabeled sentence that may follow or violate the same grammar rules.

Q: Is this sentence grammatical? Yes or No: Leela vede che gli insegnanti portano giornale il
A: No

Q: Is this sentence grammatical? Yes or No: Gomu dice che il cane tiene giocattolo il
A: No

Q: Is this sentence grammatical? Yes or No: Gomu osserva che il cane porta la bottiglia
A: Yes

Q: Is this sentence grammatical? Yes or No: Sheela dice che i cani tengono pesce il
A: No

Q: Is this sentence grammatical? Yes or No: Leela afferma che i cani mangiano il pesce
A: Yes

Q: Is this sentence grammatical? Yes or No: Tom dice che un' uomo tiene una bottiglia
A: Yes

Q: Is this sentence grammatical? Yes or No: Maria osserva che un' uomo porta cappello un
A: No

Q: Is this sentence grammatical? Yes or No: Sheela sa che i ragazzi portano giocattolo il
A: No

Q: Is this sentence grammatical? Yes or No: Leela afferma che gli insegnanti salgono la scala
A: Yes

Q: Is this sentence grammatical? Yes or No: Harry osserva che il cane porta la bottiglia
A: Yes

Q: Is this sentence grammatical? Yes or No: Gomu afferma che un ragazzo porta il giornale
A: ",Gomu afferma che un ragazzo porta il giornale,No,Yes,,0
358,ita-r-2-subordinate,"We will give you examples of Italian sentences that follow or violate the rules of a shared grammar, along with labels 'Yes' or 'No'. You will then generate a label, 'Yes' or 'No', for a new unlabeled sentence that may follow or violate the same grammar rules.

Q: Is this sentence grammatical? Yes or No: Leela vede che gli insegnanti portano giornale il
A: No

Q: Is this sentence grammatical? Yes or No: Gomu dice che il cane tiene giocattolo il
A: No

Q: Is this sentence grammatical? Yes or No: Gomu osserva che il cane porta bottiglia la
A: No

Q: Is this sentence grammatical? Yes or No: Sheela dice che i cani tengono il pesce
A: Yes

Q: Is this sentence grammatical? Yes or No: Leela afferma che i cani mangiano pesce il
A: No

Q: Is this sentence grammatical? Yes or No: Tom dice che un' uomo tiene bottiglia una
A: No

Q: Is this sentence grammatical? Yes or No: Maria osserva che un' uomo porta cappello un
A: No

Q: Is this sentence grammatical? Yes or No: Sheela sa che i ragazzi portano il giocattolo
A: Yes

Q: Is this sentence grammatical? Yes or No: Leela afferma che gli insegnanti salgono scala la
A: No

Q: Is this sentence grammatical? Yes or No: Harry osserva che il cane porta bottiglia la
A: No

Q: Is this sentence grammatical? Yes or No: Tom dice che i cani mangiano biscotto il
A: ",Tom dice che i cani mangiano biscotto il,No,No,,0
359,ita-r-2-subordinate,"We will give you examples of Italian sentences that follow or violate the rules of a shared grammar, along with labels 'Yes' or 'No'. You will then generate a label, 'Yes' or 'No', for a new unlabeled sentence that may follow or violate the same grammar rules.

Q: Is this sentence grammatical? Yes or No: Leela vede che gli insegnanti portano il giornale
A: Yes

Q: Is this sentence grammatical? Yes or No: Gomu dice che il cane tiene giocattolo il
A: No

Q: Is this sentence grammatical? Yes or No: Gomu osserva che il cane porta bottiglia la
A: No

Q: Is this sentence grammatical? Yes or No: Sheela dice che i cani tengono il pesce
A: Yes

Q: Is this sentence grammatical? Yes or No: Leela afferma che i cani mangiano il pesce
A: Yes

Q: Is this sentence grammatical? Yes or No: Tom dice che un' uomo tiene una bottiglia
A: Yes

Q: Is this sentence grammatical? Yes or No: Maria osserva che un' uomo porta cappello un
A: No

Q: Is this sentence grammatical? Yes or No: Sheela sa che i ragazzi portano il giocattolo
A: Yes

Q: Is this sentence grammatical? Yes or No: Leela afferma che gli insegnanti salgono scala la
A: No

Q: Is this sentence grammatical? Yes or No: Harry osserva che il cane porta la bottiglia
A: Yes

Q: Is this sentence grammatical? Yes or No: Leela osserva che le ragazze prendono topo il
A: ",Leela osserva che le ragazze prendono topo il,No,No,,0
360,ita-r-2-subordinate,"We will give you examples of Italian sentences that follow or violate the rules of a shared grammar, along with labels 'Yes' or 'No'. You will then generate a label, 'Yes' or 'No', for a new unlabeled sentence that may follow or violate the same grammar rules.

Q: Is this sentence grammatical? Yes or No: Leela vede che gli insegnanti portano il giornale
A: Yes

Q: Is this sentence grammatical? Yes or No: Gomu dice che il cane tiene giocattolo il
A: No

Q: Is this sentence grammatical? Yes or No: Gomu osserva che il cane porta la bottiglia
A: Yes

Q: Is this sentence grammatical? Yes or No: Sheela dice che i cani tengono pesce il
A: No

Q: Is this sentence grammatical? Yes or No: Leela afferma che i cani mangiano il pesce
A: Yes

Q: Is this sentence grammatical? Yes or No: Tom dice che un' uomo tiene una bottiglia
A: Yes

Q: Is this sentence grammatical? Yes or No: Maria osserva che un' uomo porta cappello un
A: No

Q: Is this sentence grammatical? Yes or No: Sheela sa che i ragazzi portano giocattolo il
A: No

Q: Is this sentence grammatical? Yes or No: Leela afferma che gli insegnanti salgono la scala
A: Yes

Q: Is this sentence grammatical? Yes or No: Harry osserva che il cane porta la bottiglia
A: Yes

Q: Is this sentence grammatical? Yes or No: Tom vede che i ragazzi prendono il giornale
A: ",Tom vede che i ragazzi prendono il giornale,Yes,Yes,,0
361,ita-r-2-subordinate,"We will give you examples of Italian sentences that follow or violate the rules of a shared grammar, along with labels 'Yes' or 'No'. You will then generate a label, 'Yes' or 'No', for a new unlabeled sentence that may follow or violate the same grammar rules.

Q: Is this sentence grammatical? Yes or No: Leela vede che gli insegnanti portano giornale il
A: No

Q: Is this sentence grammatical? Yes or No: Gomu dice che il cane tiene giocattolo il
A: No

Q: Is this sentence grammatical? Yes or No: Gomu osserva che il cane porta bottiglia la
A: No

Q: Is this sentence grammatical? Yes or No: Sheela dice che i cani tengono pesce il
A: No

Q: Is this sentence grammatical? Yes or No: Leela afferma che i cani mangiano pesce il
A: No

Q: Is this sentence grammatical? Yes or No: Tom dice che un' uomo tiene una bottiglia
A: Yes

Q: Is this sentence grammatical? Yes or No: Maria osserva che un' uomo porta cappello un
A: No

Q: Is this sentence grammatical? Yes or No: Sheela sa che i ragazzi portano il giocattolo
A: Yes

Q: Is this sentence grammatical? Yes or No: Leela afferma che gli insegnanti salgono la scala
A: Yes

Q: Is this sentence grammatical? Yes or No: Harry osserva che il cane porta la bottiglia
A: Yes

Q: Is this sentence grammatical? Yes or No: Leela dice che gli uomini prendono il cappello
A: ",Leela dice che gli uomini prendono il cappello,No,Yes,,0
362,ita-r-2-subordinate,"We will give you examples of Italian sentences that follow or violate the rules of a shared grammar, along with labels 'Yes' or 'No'. You will then generate a label, 'Yes' or 'No', for a new unlabeled sentence that may follow or violate the same grammar rules.

Q: Is this sentence grammatical? Yes or No: Leela vede che gli insegnanti portano giornale il
A: No

Q: Is this sentence grammatical? Yes or No: Gomu dice che il cane tiene il giocattolo
A: Yes

Q: Is this sentence grammatical? Yes or No: Gomu osserva che il cane porta la bottiglia
A: Yes

Q: Is this sentence grammatical? Yes or No: Sheela dice che i cani tengono il pesce
A: Yes

Q: Is this sentence grammatical? Yes or No: Leela afferma che i cani mangiano il pesce
A: Yes

Q: Is this sentence grammatical? Yes or No: Tom dice che un' uomo tiene una bottiglia
A: Yes

Q: Is this sentence grammatical? Yes or No: Maria osserva che un' uomo porta un cappello
A: Yes

Q: Is this sentence grammatical? Yes or No: Sheela sa che i ragazzi portano il giocattolo
A: Yes

Q: Is this sentence grammatical? Yes or No: Leela afferma che gli insegnanti salgono scala la
A: No

Q: Is this sentence grammatical? Yes or No: Harry osserva che il cane porta la bottiglia
A: Yes

Q: Is this sentence grammatical? Yes or No: Harry osserva che una ragazza tiene giornale il
A: ",Harry osserva che una ragazza tiene giornale il,Yes,No,,0
363,ita-r-2-subordinate,"We will give you examples of Italian sentences that follow or violate the rules of a shared grammar, along with labels 'Yes' or 'No'. You will then generate a label, 'Yes' or 'No', for a new unlabeled sentence that may follow or violate the same grammar rules.

Q: Is this sentence grammatical? Yes or No: Leela vede che gli insegnanti portano giornale il
A: No

Q: Is this sentence grammatical? Yes or No: Gomu dice che il cane tiene il giocattolo
A: Yes

Q: Is this sentence grammatical? Yes or No: Gomu osserva che il cane porta la bottiglia
A: Yes

Q: Is this sentence grammatical? Yes or No: Sheela dice che i cani tengono il pesce
A: Yes

Q: Is this sentence grammatical? Yes or No: Leela afferma che i cani mangiano il pesce
A: Yes

Q: Is this sentence grammatical? Yes or No: Tom dice che un' uomo tiene una bottiglia
A: Yes

Q: Is this sentence grammatical? Yes or No: Maria osserva che un' uomo porta un cappello
A: Yes

Q: Is this sentence grammatical? Yes or No: Sheela sa che i ragazzi portano giocattolo il
A: No

Q: Is this sentence grammatical? Yes or No: Leela afferma che gli insegnanti salgono scala la
A: No

Q: Is this sentence grammatical? Yes or No: Harry osserva che il cane porta bottiglia la
A: No

Q: Is this sentence grammatical? Yes or No: Maria vede che un ragazzo mangia il pesce
A: ",Maria vede che un ragazzo mangia il pesce,Yes,Yes,,0
364,ita-r-2-subordinate,"We will give you examples of Italian sentences that follow or violate the rules of a shared grammar, along with labels 'Yes' or 'No'. You will then generate a label, 'Yes' or 'No', for a new unlabeled sentence that may follow or violate the same grammar rules.

Q: Is this sentence grammatical? Yes or No: Leela vede che gli insegnanti portano giornale il
A: No

Q: Is this sentence grammatical? Yes or No: Gomu dice che il cane tiene giocattolo il
A: No

Q: Is this sentence grammatical? Yes or No: Gomu osserva che il cane porta bottiglia la
A: No

Q: Is this sentence grammatical? Yes or No: Sheela dice che i cani tengono il pesce
A: Yes

Q: Is this sentence grammatical? Yes or No: Leela afferma che i cani mangiano il pesce
A: Yes

Q: Is this sentence grammatical? Yes or No: Tom dice che un' uomo tiene bottiglia una
A: No

Q: Is this sentence grammatical? Yes or No: Maria osserva che un' uomo porta cappello un
A: No

Q: Is this sentence grammatical? Yes or No: Sheela sa che i ragazzi portano il giocattolo
A: Yes

Q: Is this sentence grammatical? Yes or No: Leela afferma che gli insegnanti salgono scala la
A: No

Q: Is this sentence grammatical? Yes or No: Harry osserva che il cane porta bottiglia la
A: No

Q: Is this sentence grammatical? Yes or No: Tom afferma che la donna tiene il topo
A: ",Tom afferma che la donna tiene il topo,No,Yes,,0
365,ita-r-2-subordinate,"We will give you examples of Italian sentences that follow or violate the rules of a shared grammar, along with labels 'Yes' or 'No'. You will then generate a label, 'Yes' or 'No', for a new unlabeled sentence that may follow or violate the same grammar rules.

Q: Is this sentence grammatical? Yes or No: Leela vede che gli insegnanti portano il giornale
A: Yes

Q: Is this sentence grammatical? Yes or No: Gomu dice che il cane tiene il giocattolo
A: Yes

Q: Is this sentence grammatical? Yes or No: Gomu osserva che il cane porta bottiglia la
A: No

Q: Is this sentence grammatical? Yes or No: Sheela dice che i cani tengono pesce il
A: No

Q: Is this sentence grammatical? Yes or No: Leela afferma che i cani mangiano il pesce
A: Yes

Q: Is this sentence grammatical? Yes or No: Tom dice che un' uomo tiene bottiglia una
A: No

Q: Is this sentence grammatical? Yes or No: Maria osserva che un' uomo porta un cappello
A: Yes

Q: Is this sentence grammatical? Yes or No: Sheela sa che i ragazzi portano giocattolo il
A: No

Q: Is this sentence grammatical? Yes or No: Leela afferma che gli insegnanti salgono scala la
A: No

Q: Is this sentence grammatical? Yes or No: Harry osserva che il cane porta la bottiglia
A: Yes

Q: Is this sentence grammatical? Yes or No: Tom sa che la ragazza porta tazza la
A: ",Tom sa che la ragazza porta tazza la,No,No,,0
366,ita-r-2-subordinate,"We will give you examples of Italian sentences that follow or violate the rules of a shared grammar, along with labels 'Yes' or 'No'. You will then generate a label, 'Yes' or 'No', for a new unlabeled sentence that may follow or violate the same grammar rules.

Q: Is this sentence grammatical? Yes or No: Leela vede che gli insegnanti portano il giornale
A: Yes

Q: Is this sentence grammatical? Yes or No: Gomu dice che il cane tiene giocattolo il
A: No

Q: Is this sentence grammatical? Yes or No: Gomu osserva che il cane porta bottiglia la
A: No

Q: Is this sentence grammatical? Yes or No: Sheela dice che i cani tengono il pesce
A: Yes

Q: Is this sentence grammatical? Yes or No: Leela afferma che i cani mangiano il pesce
A: Yes

Q: Is this sentence grammatical? Yes or No: Tom dice che un' uomo tiene bottiglia una
A: No

Q: Is this sentence grammatical? Yes or No: Maria osserva che un' uomo porta cappello un
A: No

Q: Is this sentence grammatical? Yes or No: Sheela sa che i ragazzi portano il giocattolo
A: Yes

Q: Is this sentence grammatical? Yes or No: Leela afferma che gli insegnanti salgono scala la
A: No

Q: Is this sentence grammatical? Yes or No: Harry osserva che il cane porta bottiglia la
A: No

Q: Is this sentence grammatical? Yes or No: Tom osserva che il cane scala una scala
A: ",Tom osserva che il cane scala una scala,Yes,Yes,,0
367,ita-r-2-subordinate,"We will give you examples of Italian sentences that follow or violate the rules of a shared grammar, along with labels 'Yes' or 'No'. You will then generate a label, 'Yes' or 'No', for a new unlabeled sentence that may follow or violate the same grammar rules.

Q: Is this sentence grammatical? Yes or No: Leela vede che gli insegnanti portano giornale il
A: No

Q: Is this sentence grammatical? Yes or No: Gomu dice che il cane tiene giocattolo il
A: No

Q: Is this sentence grammatical? Yes or No: Gomu osserva che il cane porta la bottiglia
A: Yes

Q: Is this sentence grammatical? Yes or No: Sheela dice che i cani tengono pesce il
A: No

Q: Is this sentence grammatical? Yes or No: Leela afferma che i cani mangiano pesce il
A: No

Q: Is this sentence grammatical? Yes or No: Tom dice che un' uomo tiene bottiglia una
A: No

Q: Is this sentence grammatical? Yes or No: Maria osserva che un' uomo porta cappello un
A: No

Q: Is this sentence grammatical? Yes or No: Sheela sa che i ragazzi portano il giocattolo
A: Yes

Q: Is this sentence grammatical? Yes or No: Leela afferma che gli insegnanti salgono la scala
A: Yes

Q: Is this sentence grammatical? Yes or No: Harry osserva che il cane porta la bottiglia
A: Yes

Q: Is this sentence grammatical? Yes or No: Tom sa che una donna tiene tazza una
A: ",Tom sa che una donna tiene tazza una,No,No,,0
368,ita-r-2-subordinate,"We will give you examples of Italian sentences that follow or violate the rules of a shared grammar, along with labels 'Yes' or 'No'. You will then generate a label, 'Yes' or 'No', for a new unlabeled sentence that may follow or violate the same grammar rules.

Q: Is this sentence grammatical? Yes or No: Leela vede che gli insegnanti portano il giornale
A: Yes

Q: Is this sentence grammatical? Yes or No: Gomu dice che il cane tiene giocattolo il
A: No

Q: Is this sentence grammatical? Yes or No: Gomu osserva che il cane porta bottiglia la
A: No

Q: Is this sentence grammatical? Yes or No: Sheela dice che i cani tengono pesce il
A: No

Q: Is this sentence grammatical? Yes or No: Leela afferma che i cani mangiano pesce il
A: No

Q: Is this sentence grammatical? Yes or No: Tom dice che un' uomo tiene una bottiglia
A: Yes

Q: Is this sentence grammatical? Yes or No: Maria osserva che un' uomo porta un cappello
A: Yes

Q: Is this sentence grammatical? Yes or No: Sheela sa che i ragazzi portano il giocattolo
A: Yes

Q: Is this sentence grammatical? Yes or No: Leela afferma che gli insegnanti salgono la scala
A: Yes

Q: Is this sentence grammatical? Yes or No: Harry osserva che il cane porta bottiglia la
A: No

Q: Is this sentence grammatical? Yes or No: Sheela dice che gli uomini mangiano il pasto
A: ",Sheela dice che gli uomini mangiano il pasto,No,Yes,,0
369,ita-r-2-subordinate,"We will give you examples of Italian sentences that follow or violate the rules of a shared grammar, along with labels 'Yes' or 'No'. You will then generate a label, 'Yes' or 'No', for a new unlabeled sentence that may follow or violate the same grammar rules.

Q: Is this sentence grammatical? Yes or No: Leela vede che gli insegnanti portano il giornale
A: Yes

Q: Is this sentence grammatical? Yes or No: Gomu dice che il cane tiene il giocattolo
A: Yes

Q: Is this sentence grammatical? Yes or No: Gomu osserva che il cane porta bottiglia la
A: No

Q: Is this sentence grammatical? Yes or No: Sheela dice che i cani tengono il pesce
A: Yes

Q: Is this sentence grammatical? Yes or No: Leela afferma che i cani mangiano pesce il
A: No

Q: Is this sentence grammatical? Yes or No: Tom dice che un' uomo tiene una bottiglia
A: Yes

Q: Is this sentence grammatical? Yes or No: Maria osserva che un' uomo porta cappello un
A: No

Q: Is this sentence grammatical? Yes or No: Sheela sa che i ragazzi portano giocattolo il
A: No

Q: Is this sentence grammatical? Yes or No: Leela afferma che gli insegnanti salgono la scala
A: Yes

Q: Is this sentence grammatical? Yes or No: Harry osserva che il cane porta la bottiglia
A: Yes

Q: Is this sentence grammatical? Yes or No: Harry vede che i gatti portano bottiglia la
A: ",Harry vede che i gatti portano bottiglia la,No,No,,0
370,ita-r-2-subordinate,"We will give you examples of Italian sentences that follow or violate the rules of a shared grammar, along with labels 'Yes' or 'No'. You will then generate a label, 'Yes' or 'No', for a new unlabeled sentence that may follow or violate the same grammar rules.

Q: Is this sentence grammatical? Yes or No: Leela vede che gli insegnanti portano il giornale
A: Yes

Q: Is this sentence grammatical? Yes or No: Gomu dice che il cane tiene il giocattolo
A: Yes

Q: Is this sentence grammatical? Yes or No: Gomu osserva che il cane porta la bottiglia
A: Yes

Q: Is this sentence grammatical? Yes or No: Sheela dice che i cani tengono il pesce
A: Yes

Q: Is this sentence grammatical? Yes or No: Leela afferma che i cani mangiano il pesce
A: Yes

Q: Is this sentence grammatical? Yes or No: Tom dice che un' uomo tiene bottiglia una
A: No

Q: Is this sentence grammatical? Yes or No: Maria osserva che un' uomo porta un cappello
A: Yes

Q: Is this sentence grammatical? Yes or No: Sheela sa che i ragazzi portano il giocattolo
A: Yes

Q: Is this sentence grammatical? Yes or No: Leela afferma che gli insegnanti salgono la scala
A: Yes

Q: Is this sentence grammatical? Yes or No: Harry osserva che il cane porta bottiglia la
A: No

Q: Is this sentence grammatical? Yes or No: Sheela afferma che i gatti prendono tazza la
A: ",Sheela afferma che i gatti prendono tazza la,No,No,,0
371,ita-r-2-subordinate,"We will give you examples of Italian sentences that follow or violate the rules of a shared grammar, along with labels 'Yes' or 'No'. You will then generate a label, 'Yes' or 'No', for a new unlabeled sentence that may follow or violate the same grammar rules.

Q: Is this sentence grammatical? Yes or No: Leela vede che gli insegnanti portano giornale il
A: No

Q: Is this sentence grammatical? Yes or No: Gomu dice che il cane tiene il giocattolo
A: Yes

Q: Is this sentence grammatical? Yes or No: Gomu osserva che il cane porta bottiglia la
A: No

Q: Is this sentence grammatical? Yes or No: Sheela dice che i cani tengono il pesce
A: Yes

Q: Is this sentence grammatical? Yes or No: Leela afferma che i cani mangiano pesce il
A: No

Q: Is this sentence grammatical? Yes or No: Tom dice che un' uomo tiene bottiglia una
A: No

Q: Is this sentence grammatical? Yes or No: Maria osserva che un' uomo porta un cappello
A: Yes

Q: Is this sentence grammatical? Yes or No: Sheela sa che i ragazzi portano il giocattolo
A: Yes

Q: Is this sentence grammatical? Yes or No: Leela afferma che gli insegnanti salgono la scala
A: Yes

Q: Is this sentence grammatical? Yes or No: Harry osserva che il cane porta bottiglia la
A: No

Q: Is this sentence grammatical? Yes or No: Gomu osserva che i cani mangiano il pasto
A: ",Gomu osserva che i cani mangiano il pasto,Yes,Yes,,0
372,ita-r-2-subordinate,"We will give you examples of Italian sentences that follow or violate the rules of a shared grammar, along with labels 'Yes' or 'No'. You will then generate a label, 'Yes' or 'No', for a new unlabeled sentence that may follow or violate the same grammar rules.

Q: Is this sentence grammatical? Yes or No: Leela vede che gli insegnanti portano giornale il
A: No

Q: Is this sentence grammatical? Yes or No: Gomu dice che il cane tiene il giocattolo
A: Yes

Q: Is this sentence grammatical? Yes or No: Gomu osserva che il cane porta bottiglia la
A: No

Q: Is this sentence grammatical? Yes or No: Sheela dice che i cani tengono il pesce
A: Yes

Q: Is this sentence grammatical? Yes or No: Leela afferma che i cani mangiano il pesce
A: Yes

Q: Is this sentence grammatical? Yes or No: Tom dice che un' uomo tiene bottiglia una
A: No

Q: Is this sentence grammatical? Yes or No: Maria osserva che un' uomo porta cappello un
A: No

Q: Is this sentence grammatical? Yes or No: Sheela sa che i ragazzi portano il giocattolo
A: Yes

Q: Is this sentence grammatical? Yes or No: Leela afferma che gli insegnanti salgono la scala
A: Yes

Q: Is this sentence grammatical? Yes or No: Harry osserva che il cane porta la bottiglia
A: Yes

Q: Is this sentence grammatical? Yes or No: Sheela afferma che i cani portano la lampadina
A: ",Sheela afferma che i cani portano la lampadina,Yes,Yes,,0
373,ita-r-2-subordinate,"We will give you examples of Italian sentences that follow or violate the rules of a shared grammar, along with labels 'Yes' or 'No'. You will then generate a label, 'Yes' or 'No', for a new unlabeled sentence that may follow or violate the same grammar rules.

Q: Is this sentence grammatical? Yes or No: Leela vede che gli insegnanti portano il giornale
A: Yes

Q: Is this sentence grammatical? Yes or No: Gomu dice che il cane tiene giocattolo il
A: No

Q: Is this sentence grammatical? Yes or No: Gomu osserva che il cane porta bottiglia la
A: No

Q: Is this sentence grammatical? Yes or No: Sheela dice che i cani tengono il pesce
A: Yes

Q: Is this sentence grammatical? Yes or No: Leela afferma che i cani mangiano pesce il
A: No

Q: Is this sentence grammatical? Yes or No: Tom dice che un' uomo tiene bottiglia una
A: No

Q: Is this sentence grammatical? Yes or No: Maria osserva che un' uomo porta cappello un
A: No

Q: Is this sentence grammatical? Yes or No: Sheela sa che i ragazzi portano il giocattolo
A: Yes

Q: Is this sentence grammatical? Yes or No: Leela afferma che gli insegnanti salgono scala la
A: No

Q: Is this sentence grammatical? Yes or No: Harry osserva che il cane porta bottiglia la
A: No

Q: Is this sentence grammatical? Yes or No: Tom osserva che un cane prende cappello il
A: ",Tom osserva che un cane prende cappello il,No,No,,0
374,ita-r-2-subordinate,"We will give you examples of Italian sentences that follow or violate the rules of a shared grammar, along with labels 'Yes' or 'No'. You will then generate a label, 'Yes' or 'No', for a new unlabeled sentence that may follow or violate the same grammar rules.

Q: Is this sentence grammatical? Yes or No: Leela vede che gli insegnanti portano giornale il
A: No

Q: Is this sentence grammatical? Yes or No: Gomu dice che il cane tiene il giocattolo
A: Yes

Q: Is this sentence grammatical? Yes or No: Gomu osserva che il cane porta bottiglia la
A: No

Q: Is this sentence grammatical? Yes or No: Sheela dice che i cani tengono pesce il
A: No

Q: Is this sentence grammatical? Yes or No: Leela afferma che i cani mangiano pesce il
A: No

Q: Is this sentence grammatical? Yes or No: Tom dice che un' uomo tiene bottiglia una
A: No

Q: Is this sentence grammatical? Yes or No: Maria osserva che un' uomo porta un cappello
A: Yes

Q: Is this sentence grammatical? Yes or No: Sheela sa che i ragazzi portano giocattolo il
A: No

Q: Is this sentence grammatical? Yes or No: Leela afferma che gli insegnanti salgono scala la
A: No

Q: Is this sentence grammatical? Yes or No: Harry osserva che il cane porta la bottiglia
A: Yes

Q: Is this sentence grammatical? Yes or No: Maria sa che un' uomo mangia frutta la
A: ",Maria sa che un' uomo mangia frutta la,No,No,,0
375,ita-r-2-subordinate,"We will give you examples of Italian sentences that follow or violate the rules of a shared grammar, along with labels 'Yes' or 'No'. You will then generate a label, 'Yes' or 'No', for a new unlabeled sentence that may follow or violate the same grammar rules.

Q: Is this sentence grammatical? Yes or No: Leela vede che gli insegnanti portano il giornale
A: Yes

Q: Is this sentence grammatical? Yes or No: Gomu dice che il cane tiene il giocattolo
A: Yes

Q: Is this sentence grammatical? Yes or No: Gomu osserva che il cane porta la bottiglia
A: Yes

Q: Is this sentence grammatical? Yes or No: Sheela dice che i cani tengono il pesce
A: Yes

Q: Is this sentence grammatical? Yes or No: Leela afferma che i cani mangiano pesce il
A: No

Q: Is this sentence grammatical? Yes or No: Tom dice che un' uomo tiene una bottiglia
A: Yes

Q: Is this sentence grammatical? Yes or No: Maria osserva che un' uomo porta un cappello
A: Yes

Q: Is this sentence grammatical? Yes or No: Sheela sa che i ragazzi portano giocattolo il
A: No

Q: Is this sentence grammatical? Yes or No: Leela afferma che gli insegnanti salgono scala la
A: No

Q: Is this sentence grammatical? Yes or No: Harry osserva che il cane porta bottiglia la
A: No

Q: Is this sentence grammatical? Yes or No: Gomu sa che l'insegnante prende il gesso
A: ",Gomu sa che l'insegnante prende il gesso,Yes,Yes,,0
376,ita-r-2-subordinate,"We will give you examples of Italian sentences that follow or violate the rules of a shared grammar, along with labels 'Yes' or 'No'. You will then generate a label, 'Yes' or 'No', for a new unlabeled sentence that may follow or violate the same grammar rules.

Q: Is this sentence grammatical? Yes or No: Leela vede che gli insegnanti portano il giornale
A: Yes

Q: Is this sentence grammatical? Yes or No: Gomu dice che il cane tiene giocattolo il
A: No

Q: Is this sentence grammatical? Yes or No: Gomu osserva che il cane porta la bottiglia
A: Yes

Q: Is this sentence grammatical? Yes or No: Sheela dice che i cani tengono il pesce
A: Yes

Q: Is this sentence grammatical? Yes or No: Leela afferma che i cani mangiano pesce il
A: No

Q: Is this sentence grammatical? Yes or No: Tom dice che un' uomo tiene una bottiglia
A: Yes

Q: Is this sentence grammatical? Yes or No: Maria osserva che un' uomo porta cappello un
A: No

Q: Is this sentence grammatical? Yes or No: Sheela sa che i ragazzi portano il giocattolo
A: Yes

Q: Is this sentence grammatical? Yes or No: Leela afferma che gli insegnanti salgono la scala
A: Yes

Q: Is this sentence grammatical? Yes or No: Harry osserva che il cane porta bottiglia la
A: No

Q: Is this sentence grammatical? Yes or No: Harry dice che le ragazze tengono la tazza
A: ",Harry dice che le ragazze tengono la tazza,Yes,Yes,,0
377,ita-r-2-subordinate,"We will give you examples of Italian sentences that follow or violate the rules of a shared grammar, along with labels 'Yes' or 'No'. You will then generate a label, 'Yes' or 'No', for a new unlabeled sentence that may follow or violate the same grammar rules.

Q: Is this sentence grammatical? Yes or No: Leela vede che gli insegnanti portano giornale il
A: No

Q: Is this sentence grammatical? Yes or No: Gomu dice che il cane tiene il giocattolo
A: Yes

Q: Is this sentence grammatical? Yes or No: Gomu osserva che il cane porta bottiglia la
A: No

Q: Is this sentence grammatical? Yes or No: Sheela dice che i cani tengono il pesce
A: Yes

Q: Is this sentence grammatical? Yes or No: Leela afferma che i cani mangiano il pesce
A: Yes

Q: Is this sentence grammatical? Yes or No: Tom dice che un' uomo tiene una bottiglia
A: Yes

Q: Is this sentence grammatical? Yes or No: Maria osserva che un' uomo porta cappello un
A: No

Q: Is this sentence grammatical? Yes or No: Sheela sa che i ragazzi portano il giocattolo
A: Yes

Q: Is this sentence grammatical? Yes or No: Leela afferma che gli insegnanti salgono scala la
A: No

Q: Is this sentence grammatical? Yes or No: Harry osserva che il cane porta la bottiglia
A: Yes

Q: Is this sentence grammatical? Yes or No: Tom sa che il ragazzo tiene tazza la
A: ",Tom sa che il ragazzo tiene tazza la,No,No,,0
378,ita-r-2-subordinate,"We will give you examples of Italian sentences that follow or violate the rules of a shared grammar, along with labels 'Yes' or 'No'. You will then generate a label, 'Yes' or 'No', for a new unlabeled sentence that may follow or violate the same grammar rules.

Q: Is this sentence grammatical? Yes or No: Leela vede che gli insegnanti portano il giornale
A: Yes

Q: Is this sentence grammatical? Yes or No: Gomu dice che il cane tiene il giocattolo
A: Yes

Q: Is this sentence grammatical? Yes or No: Gomu osserva che il cane porta bottiglia la
A: No

Q: Is this sentence grammatical? Yes or No: Sheela dice che i cani tengono il pesce
A: Yes

Q: Is this sentence grammatical? Yes or No: Leela afferma che i cani mangiano il pesce
A: Yes

Q: Is this sentence grammatical? Yes or No: Tom dice che un' uomo tiene bottiglia una
A: No

Q: Is this sentence grammatical? Yes or No: Maria osserva che un' uomo porta un cappello
A: Yes

Q: Is this sentence grammatical? Yes or No: Sheela sa che i ragazzi portano il giocattolo
A: Yes

Q: Is this sentence grammatical? Yes or No: Leela afferma che gli insegnanti salgono la scala
A: Yes

Q: Is this sentence grammatical? Yes or No: Harry osserva che il cane porta la bottiglia
A: Yes

Q: Is this sentence grammatical? Yes or No: Leela afferma che le donne tengono il giornale
A: ",Leela afferma che le donne tengono il giornale,Yes,Yes,,0
379,ita-r-2-subordinate,"We will give you examples of Italian sentences that follow or violate the rules of a shared grammar, along with labels 'Yes' or 'No'. You will then generate a label, 'Yes' or 'No', for a new unlabeled sentence that may follow or violate the same grammar rules.

Q: Is this sentence grammatical? Yes or No: Leela vede che gli insegnanti portano il giornale
A: Yes

Q: Is this sentence grammatical? Yes or No: Gomu dice che il cane tiene giocattolo il
A: No

Q: Is this sentence grammatical? Yes or No: Gomu osserva che il cane porta bottiglia la
A: No

Q: Is this sentence grammatical? Yes or No: Sheela dice che i cani tengono pesce il
A: No

Q: Is this sentence grammatical? Yes or No: Leela afferma che i cani mangiano pesce il
A: No

Q: Is this sentence grammatical? Yes or No: Tom dice che un' uomo tiene una bottiglia
A: Yes

Q: Is this sentence grammatical? Yes or No: Maria osserva che un' uomo porta cappello un
A: No

Q: Is this sentence grammatical? Yes or No: Sheela sa che i ragazzi portano il giocattolo
A: Yes

Q: Is this sentence grammatical? Yes or No: Leela afferma che gli insegnanti salgono la scala
A: Yes

Q: Is this sentence grammatical? Yes or No: Harry osserva che il cane porta bottiglia la
A: No

Q: Is this sentence grammatical? Yes or No: John osserva che gli oratori leggono il poema
A: ",John osserva che gli oratori leggono il poema,Yes,Yes,,0
380,ita-r-2-subordinate,"We will give you examples of Italian sentences that follow or violate the rules of a shared grammar, along with labels 'Yes' or 'No'. You will then generate a label, 'Yes' or 'No', for a new unlabeled sentence that may follow or violate the same grammar rules.

Q: Is this sentence grammatical? Yes or No: Leela vede che gli insegnanti portano giornale il
A: No

Q: Is this sentence grammatical? Yes or No: Gomu dice che il cane tiene il giocattolo
A: Yes

Q: Is this sentence grammatical? Yes or No: Gomu osserva che il cane porta bottiglia la
A: No

Q: Is this sentence grammatical? Yes or No: Sheela dice che i cani tengono pesce il
A: No

Q: Is this sentence grammatical? Yes or No: Leela afferma che i cani mangiano il pesce
A: Yes

Q: Is this sentence grammatical? Yes or No: Tom dice che un' uomo tiene una bottiglia
A: Yes

Q: Is this sentence grammatical? Yes or No: Maria osserva che un' uomo porta cappello un
A: No

Q: Is this sentence grammatical? Yes or No: Sheela sa che i ragazzi portano il giocattolo
A: Yes

Q: Is this sentence grammatical? Yes or No: Leela afferma che gli insegnanti salgono la scala
A: Yes

Q: Is this sentence grammatical? Yes or No: Harry osserva che il cane porta la bottiglia
A: Yes

Q: Is this sentence grammatical? Yes or No: Tom dice che i ragazzi portano gesso il
A: ",Tom dice che i ragazzi portano gesso il,No,No,,0
381,ita-r-2-subordinate,"We will give you examples of Italian sentences that follow or violate the rules of a shared grammar, along with labels 'Yes' or 'No'. You will then generate a label, 'Yes' or 'No', for a new unlabeled sentence that may follow or violate the same grammar rules.

Q: Is this sentence grammatical? Yes or No: Leela vede che gli insegnanti portano giornale il
A: No

Q: Is this sentence grammatical? Yes or No: Gomu dice che il cane tiene il giocattolo
A: Yes

Q: Is this sentence grammatical? Yes or No: Gomu osserva che il cane porta bottiglia la
A: No

Q: Is this sentence grammatical? Yes or No: Sheela dice che i cani tengono pesce il
A: No

Q: Is this sentence grammatical? Yes or No: Leela afferma che i cani mangiano pesce il
A: No

Q: Is this sentence grammatical? Yes or No: Tom dice che un' uomo tiene bottiglia una
A: No

Q: Is this sentence grammatical? Yes or No: Maria osserva che un' uomo porta un cappello
A: Yes

Q: Is this sentence grammatical? Yes or No: Sheela sa che i ragazzi portano il giocattolo
A: Yes

Q: Is this sentence grammatical? Yes or No: Leela afferma che gli insegnanti salgono scala la
A: No

Q: Is this sentence grammatical? Yes or No: Harry osserva che il cane porta la bottiglia
A: Yes

Q: Is this sentence grammatical? Yes or No: Tom dice che la ragazza tiene una lampadina
A: ",Tom dice che la ragazza tiene una lampadina,No,Yes,,0
382,ita-r-2-subordinate,"We will give you examples of Italian sentences that follow or violate the rules of a shared grammar, along with labels 'Yes' or 'No'. You will then generate a label, 'Yes' or 'No', for a new unlabeled sentence that may follow or violate the same grammar rules.

Q: Is this sentence grammatical? Yes or No: Leela vede che gli insegnanti portano il giornale
A: Yes

Q: Is this sentence grammatical? Yes or No: Gomu dice che il cane tiene il giocattolo
A: Yes

Q: Is this sentence grammatical? Yes or No: Gomu osserva che il cane porta la bottiglia
A: Yes

Q: Is this sentence grammatical? Yes or No: Sheela dice che i cani tengono il pesce
A: Yes

Q: Is this sentence grammatical? Yes or No: Leela afferma che i cani mangiano il pesce
A: Yes

Q: Is this sentence grammatical? Yes or No: Tom dice che un' uomo tiene bottiglia una
A: No

Q: Is this sentence grammatical? Yes or No: Maria osserva che un' uomo porta un cappello
A: Yes

Q: Is this sentence grammatical? Yes or No: Sheela sa che i ragazzi portano giocattolo il
A: No

Q: Is this sentence grammatical? Yes or No: Leela afferma che gli insegnanti salgono la scala
A: Yes

Q: Is this sentence grammatical? Yes or No: Harry osserva che il cane porta bottiglia la
A: No

Q: Is this sentence grammatical? Yes or No: Gomu vede che una donna mangia una pizza
A: ",Gomu vede che una donna mangia una pizza,Yes,Yes,,0
383,ita-r-2-subordinate,"We will give you examples of Italian sentences that follow or violate the rules of a shared grammar, along with labels 'Yes' or 'No'. You will then generate a label, 'Yes' or 'No', for a new unlabeled sentence that may follow or violate the same grammar rules.

Q: Is this sentence grammatical? Yes or No: Leela vede che gli insegnanti portano il giornale
A: Yes

Q: Is this sentence grammatical? Yes or No: Gomu dice che il cane tiene il giocattolo
A: Yes

Q: Is this sentence grammatical? Yes or No: Gomu osserva che il cane porta la bottiglia
A: Yes

Q: Is this sentence grammatical? Yes or No: Sheela dice che i cani tengono il pesce
A: Yes

Q: Is this sentence grammatical? Yes or No: Leela afferma che i cani mangiano il pesce
A: Yes

Q: Is this sentence grammatical? Yes or No: Tom dice che un' uomo tiene bottiglia una
A: No

Q: Is this sentence grammatical? Yes or No: Maria osserva che un' uomo porta un cappello
A: Yes

Q: Is this sentence grammatical? Yes or No: Sheela sa che i ragazzi portano il giocattolo
A: Yes

Q: Is this sentence grammatical? Yes or No: Leela afferma che gli insegnanti salgono la scala
A: Yes

Q: Is this sentence grammatical? Yes or No: Harry osserva che il cane porta bottiglia la
A: No

Q: Is this sentence grammatical? Yes or No: John afferma che i poeti leggono capitolo il
A: ",John afferma che i poeti leggono capitolo il,No,No,,0
384,ita-r-2-subordinate,"We will give you examples of Italian sentences that follow or violate the rules of a shared grammar, along with labels 'Yes' or 'No'. You will then generate a label, 'Yes' or 'No', for a new unlabeled sentence that may follow or violate the same grammar rules.

Q: Is this sentence grammatical? Yes or No: Leela vede che gli insegnanti portano il giornale
A: Yes

Q: Is this sentence grammatical? Yes or No: Gomu dice che il cane tiene il giocattolo
A: Yes

Q: Is this sentence grammatical? Yes or No: Gomu osserva che il cane porta la bottiglia
A: Yes

Q: Is this sentence grammatical? Yes or No: Sheela dice che i cani tengono pesce il
A: No

Q: Is this sentence grammatical? Yes or No: Leela afferma che i cani mangiano pesce il
A: No

Q: Is this sentence grammatical? Yes or No: Tom dice che un' uomo tiene bottiglia una
A: No

Q: Is this sentence grammatical? Yes or No: Maria osserva che un' uomo porta un cappello
A: Yes

Q: Is this sentence grammatical? Yes or No: Sheela sa che i ragazzi portano giocattolo il
A: No

Q: Is this sentence grammatical? Yes or No: Leela afferma che gli insegnanti salgono la scala
A: Yes

Q: Is this sentence grammatical? Yes or No: Harry osserva che il cane porta la bottiglia
A: Yes

Q: Is this sentence grammatical? Yes or No: John afferma che i ragazzi mangiano pizza la
A: ",John afferma che i ragazzi mangiano pizza la,No,No,,0
385,ita-r-2-subordinate,"We will give you examples of Italian sentences that follow or violate the rules of a shared grammar, along with labels 'Yes' or 'No'. You will then generate a label, 'Yes' or 'No', for a new unlabeled sentence that may follow or violate the same grammar rules.

Q: Is this sentence grammatical? Yes or No: Leela vede che gli insegnanti portano il giornale
A: Yes

Q: Is this sentence grammatical? Yes or No: Gomu dice che il cane tiene il giocattolo
A: Yes

Q: Is this sentence grammatical? Yes or No: Gomu osserva che il cane porta la bottiglia
A: Yes

Q: Is this sentence grammatical? Yes or No: Sheela dice che i cani tengono il pesce
A: Yes

Q: Is this sentence grammatical? Yes or No: Leela afferma che i cani mangiano il pesce
A: Yes

Q: Is this sentence grammatical? Yes or No: Tom dice che un' uomo tiene una bottiglia
A: Yes

Q: Is this sentence grammatical? Yes or No: Maria osserva che un' uomo porta un cappello
A: Yes

Q: Is this sentence grammatical? Yes or No: Sheela sa che i ragazzi portano giocattolo il
A: No

Q: Is this sentence grammatical? Yes or No: Leela afferma che gli insegnanti salgono scala la
A: No

Q: Is this sentence grammatical? Yes or No: Harry osserva che il cane porta bottiglia la
A: No

Q: Is this sentence grammatical? Yes or No: Tom afferma che le donne salgono la scala
A: ",Tom afferma che le donne salgono la scala,No,Yes,,0
386,ita-r-2-subordinate,"We will give you examples of Italian sentences that follow or violate the rules of a shared grammar, along with labels 'Yes' or 'No'. You will then generate a label, 'Yes' or 'No', for a new unlabeled sentence that may follow or violate the same grammar rules.

Q: Is this sentence grammatical? Yes or No: Leela vede che gli insegnanti portano giornale il
A: No

Q: Is this sentence grammatical? Yes or No: Gomu dice che il cane tiene il giocattolo
A: Yes

Q: Is this sentence grammatical? Yes or No: Gomu osserva che il cane porta bottiglia la
A: No

Q: Is this sentence grammatical? Yes or No: Sheela dice che i cani tengono pesce il
A: No

Q: Is this sentence grammatical? Yes or No: Leela afferma che i cani mangiano pesce il
A: No

Q: Is this sentence grammatical? Yes or No: Tom dice che un' uomo tiene una bottiglia
A: Yes

Q: Is this sentence grammatical? Yes or No: Maria osserva che un' uomo porta cappello un
A: No

Q: Is this sentence grammatical? Yes or No: Sheela sa che i ragazzi portano giocattolo il
A: No

Q: Is this sentence grammatical? Yes or No: Leela afferma che gli insegnanti salgono scala la
A: No

Q: Is this sentence grammatical? Yes or No: Harry osserva che il cane porta la bottiglia
A: Yes

Q: Is this sentence grammatical? Yes or No: Tom dice che l'uomo porta topo un
A: ",Tom dice che l'uomo porta topo un,No,No,,0
387,ita-r-2-subordinate,"We will give you examples of Italian sentences that follow or violate the rules of a shared grammar, along with labels 'Yes' or 'No'. You will then generate a label, 'Yes' or 'No', for a new unlabeled sentence that may follow or violate the same grammar rules.

Q: Is this sentence grammatical? Yes or No: Leela vede che gli insegnanti portano giornale il
A: No

Q: Is this sentence grammatical? Yes or No: Gomu dice che il cane tiene il giocattolo
A: Yes

Q: Is this sentence grammatical? Yes or No: Gomu osserva che il cane porta bottiglia la
A: No

Q: Is this sentence grammatical? Yes or No: Sheela dice che i cani tengono pesce il
A: No

Q: Is this sentence grammatical? Yes or No: Leela afferma che i cani mangiano il pesce
A: Yes

Q: Is this sentence grammatical? Yes or No: Tom dice che un' uomo tiene bottiglia una
A: No

Q: Is this sentence grammatical? Yes or No: Maria osserva che un' uomo porta cappello un
A: No

Q: Is this sentence grammatical? Yes or No: Sheela sa che i ragazzi portano il giocattolo
A: Yes

Q: Is this sentence grammatical? Yes or No: Leela afferma che gli insegnanti salgono la scala
A: Yes

Q: Is this sentence grammatical? Yes or No: Harry osserva che il cane porta bottiglia la
A: No

Q: Is this sentence grammatical? Yes or No: Leela osserva che gli uomini mangiano cetriolo il
A: ",Leela osserva che gli uomini mangiano cetriolo il,No,No,,0
388,ita-r-2-subordinate,"We will give you examples of Italian sentences that follow or violate the rules of a shared grammar, along with labels 'Yes' or 'No'. You will then generate a label, 'Yes' or 'No', for a new unlabeled sentence that may follow or violate the same grammar rules.

Q: Is this sentence grammatical? Yes or No: Leela vede che gli insegnanti portano il giornale
A: Yes

Q: Is this sentence grammatical? Yes or No: Gomu dice che il cane tiene il giocattolo
A: Yes

Q: Is this sentence grammatical? Yes or No: Gomu osserva che il cane porta bottiglia la
A: No

Q: Is this sentence grammatical? Yes or No: Sheela dice che i cani tengono pesce il
A: No

Q: Is this sentence grammatical? Yes or No: Leela afferma che i cani mangiano pesce il
A: No

Q: Is this sentence grammatical? Yes or No: Tom dice che un' uomo tiene bottiglia una
A: No

Q: Is this sentence grammatical? Yes or No: Maria osserva che un' uomo porta cappello un
A: No

Q: Is this sentence grammatical? Yes or No: Sheela sa che i ragazzi portano il giocattolo
A: Yes

Q: Is this sentence grammatical? Yes or No: Leela afferma che gli insegnanti salgono la scala
A: Yes

Q: Is this sentence grammatical? Yes or No: Harry osserva che il cane porta la bottiglia
A: Yes

Q: Is this sentence grammatical? Yes or No: Harry sa che il gatto porta giocattolo il
A: ",Harry sa che il gatto porta giocattolo il,No,No,,0
389,ita-r-2-subordinate,"We will give you examples of Italian sentences that follow or violate the rules of a shared grammar, along with labels 'Yes' or 'No'. You will then generate a label, 'Yes' or 'No', for a new unlabeled sentence that may follow or violate the same grammar rules.

Q: Is this sentence grammatical? Yes or No: Leela vede che gli insegnanti portano il giornale
A: Yes

Q: Is this sentence grammatical? Yes or No: Gomu dice che il cane tiene il giocattolo
A: Yes

Q: Is this sentence grammatical? Yes or No: Gomu osserva che il cane porta bottiglia la
A: No

Q: Is this sentence grammatical? Yes or No: Sheela dice che i cani tengono pesce il
A: No

Q: Is this sentence grammatical? Yes or No: Leela afferma che i cani mangiano il pesce
A: Yes

Q: Is this sentence grammatical? Yes or No: Tom dice che un' uomo tiene una bottiglia
A: Yes

Q: Is this sentence grammatical? Yes or No: Maria osserva che un' uomo porta un cappello
A: Yes

Q: Is this sentence grammatical? Yes or No: Sheela sa che i ragazzi portano il giocattolo
A: Yes

Q: Is this sentence grammatical? Yes or No: Leela afferma che gli insegnanti salgono la scala
A: Yes

Q: Is this sentence grammatical? Yes or No: Harry osserva che il cane porta bottiglia la
A: No

Q: Is this sentence grammatical? Yes or No: Harry osserva che un ragazzo mangia la pera
A: ",Harry osserva che un ragazzo mangia la pera,Yes,Yes,,0
390,ita-r-2-subordinate,"We will give you examples of Italian sentences that follow or violate the rules of a shared grammar, along with labels 'Yes' or 'No'. You will then generate a label, 'Yes' or 'No', for a new unlabeled sentence that may follow or violate the same grammar rules.

Q: Is this sentence grammatical? Yes or No: Leela vede che gli insegnanti portano il giornale
A: Yes

Q: Is this sentence grammatical? Yes or No: Gomu dice che il cane tiene il giocattolo
A: Yes

Q: Is this sentence grammatical? Yes or No: Gomu osserva che il cane porta la bottiglia
A: Yes

Q: Is this sentence grammatical? Yes or No: Sheela dice che i cani tengono il pesce
A: Yes

Q: Is this sentence grammatical? Yes or No: Leela afferma che i cani mangiano il pesce
A: Yes

Q: Is this sentence grammatical? Yes or No: Tom dice che un' uomo tiene bottiglia una
A: No

Q: Is this sentence grammatical? Yes or No: Maria osserva che un' uomo porta un cappello
A: Yes

Q: Is this sentence grammatical? Yes or No: Sheela sa che i ragazzi portano giocattolo il
A: No

Q: Is this sentence grammatical? Yes or No: Leela afferma che gli insegnanti salgono scala la
A: No

Q: Is this sentence grammatical? Yes or No: Harry osserva che il cane porta bottiglia la
A: No

Q: Is this sentence grammatical? Yes or No: Gomu osserva che gli uomini portano cappello il
A: ",Gomu osserva che gli uomini portano cappello il,No,No,,0
391,ita-r-2-subordinate,"We will give you examples of Italian sentences that follow or violate the rules of a shared grammar, along with labels 'Yes' or 'No'. You will then generate a label, 'Yes' or 'No', for a new unlabeled sentence that may follow or violate the same grammar rules.

Q: Is this sentence grammatical? Yes or No: Leela vede che gli insegnanti portano il giornale
A: Yes

Q: Is this sentence grammatical? Yes or No: Gomu dice che il cane tiene il giocattolo
A: Yes

Q: Is this sentence grammatical? Yes or No: Gomu osserva che il cane porta bottiglia la
A: No

Q: Is this sentence grammatical? Yes or No: Sheela dice che i cani tengono il pesce
A: Yes

Q: Is this sentence grammatical? Yes or No: Leela afferma che i cani mangiano il pesce
A: Yes

Q: Is this sentence grammatical? Yes or No: Tom dice che un' uomo tiene una bottiglia
A: Yes

Q: Is this sentence grammatical? Yes or No: Maria osserva che un' uomo porta cappello un
A: No

Q: Is this sentence grammatical? Yes or No: Sheela sa che i ragazzi portano il giocattolo
A: Yes

Q: Is this sentence grammatical? Yes or No: Leela afferma che gli insegnanti salgono la scala
A: Yes

Q: Is this sentence grammatical? Yes or No: Harry osserva che il cane porta bottiglia la
A: No

Q: Is this sentence grammatical? Yes or No: Leela afferma che un gatto porta il topo
A: ",Leela afferma che un gatto porta il topo,Yes,Yes,,0
392,ita-r-2-subordinate,"We will give you examples of Italian sentences that follow or violate the rules of a shared grammar, along with labels 'Yes' or 'No'. You will then generate a label, 'Yes' or 'No', for a new unlabeled sentence that may follow or violate the same grammar rules.

Q: Is this sentence grammatical? Yes or No: Leela vede che gli insegnanti portano il giornale
A: Yes

Q: Is this sentence grammatical? Yes or No: Gomu dice che il cane tiene giocattolo il
A: No

Q: Is this sentence grammatical? Yes or No: Gomu osserva che il cane porta la bottiglia
A: Yes

Q: Is this sentence grammatical? Yes or No: Sheela dice che i cani tengono il pesce
A: Yes

Q: Is this sentence grammatical? Yes or No: Leela afferma che i cani mangiano il pesce
A: Yes

Q: Is this sentence grammatical? Yes or No: Tom dice che un' uomo tiene bottiglia una
A: No

Q: Is this sentence grammatical? Yes or No: Maria osserva che un' uomo porta cappello un
A: No

Q: Is this sentence grammatical? Yes or No: Sheela sa che i ragazzi portano il giocattolo
A: Yes

Q: Is this sentence grammatical? Yes or No: Leela afferma che gli insegnanti salgono la scala
A: Yes

Q: Is this sentence grammatical? Yes or No: Harry osserva che il cane porta bottiglia la
A: No

Q: Is this sentence grammatical? Yes or No: Leela sa che un' insegnante porta pesce un
A: ",Leela sa che un' insegnante porta pesce un,No,No,,0
393,ita-r-2-subordinate,"We will give you examples of Italian sentences that follow or violate the rules of a shared grammar, along with labels 'Yes' or 'No'. You will then generate a label, 'Yes' or 'No', for a new unlabeled sentence that may follow or violate the same grammar rules.

Q: Is this sentence grammatical? Yes or No: Leela vede che gli insegnanti portano giornale il
A: No

Q: Is this sentence grammatical? Yes or No: Gomu dice che il cane tiene il giocattolo
A: Yes

Q: Is this sentence grammatical? Yes or No: Gomu osserva che il cane porta bottiglia la
A: No

Q: Is this sentence grammatical? Yes or No: Sheela dice che i cani tengono il pesce
A: Yes

Q: Is this sentence grammatical? Yes or No: Leela afferma che i cani mangiano il pesce
A: Yes

Q: Is this sentence grammatical? Yes or No: Tom dice che un' uomo tiene una bottiglia
A: Yes

Q: Is this sentence grammatical? Yes or No: Maria osserva che un' uomo porta un cappello
A: Yes

Q: Is this sentence grammatical? Yes or No: Sheela sa che i ragazzi portano giocattolo il
A: No

Q: Is this sentence grammatical? Yes or No: Leela afferma che gli insegnanti salgono scala la
A: No

Q: Is this sentence grammatical? Yes or No: Harry osserva che il cane porta bottiglia la
A: No

Q: Is this sentence grammatical? Yes or No: John sa che i gatti portano il giocattolo
A: ",John sa che i gatti portano il giocattolo,Yes,Yes,,0
394,ita-r-2-subordinate,"We will give you examples of Italian sentences that follow or violate the rules of a shared grammar, along with labels 'Yes' or 'No'. You will then generate a label, 'Yes' or 'No', for a new unlabeled sentence that may follow or violate the same grammar rules.

Q: Is this sentence grammatical? Yes or No: Leela vede che gli insegnanti portano il giornale
A: Yes

Q: Is this sentence grammatical? Yes or No: Gomu dice che il cane tiene giocattolo il
A: No

Q: Is this sentence grammatical? Yes or No: Gomu osserva che il cane porta la bottiglia
A: Yes

Q: Is this sentence grammatical? Yes or No: Sheela dice che i cani tengono il pesce
A: Yes

Q: Is this sentence grammatical? Yes or No: Leela afferma che i cani mangiano il pesce
A: Yes

Q: Is this sentence grammatical? Yes or No: Tom dice che un' uomo tiene una bottiglia
A: Yes

Q: Is this sentence grammatical? Yes or No: Maria osserva che un' uomo porta cappello un
A: No

Q: Is this sentence grammatical? Yes or No: Sheela sa che i ragazzi portano il giocattolo
A: Yes

Q: Is this sentence grammatical? Yes or No: Leela afferma che gli insegnanti salgono scala la
A: No

Q: Is this sentence grammatical? Yes or No: Harry osserva che il cane porta bottiglia la
A: No

Q: Is this sentence grammatical? Yes or No: Tom afferma che gli uomini salgono montagna la
A: ",Tom afferma che gli uomini salgono montagna la,No,No,,0
395,ita-r-2-subordinate,"We will give you examples of Italian sentences that follow or violate the rules of a shared grammar, along with labels 'Yes' or 'No'. You will then generate a label, 'Yes' or 'No', for a new unlabeled sentence that may follow or violate the same grammar rules.

Q: Is this sentence grammatical? Yes or No: Leela vede che gli insegnanti portano giornale il
A: No

Q: Is this sentence grammatical? Yes or No: Gomu dice che il cane tiene giocattolo il
A: No

Q: Is this sentence grammatical? Yes or No: Gomu osserva che il cane porta bottiglia la
A: No

Q: Is this sentence grammatical? Yes or No: Sheela dice che i cani tengono il pesce
A: Yes

Q: Is this sentence grammatical? Yes or No: Leela afferma che i cani mangiano il pesce
A: Yes

Q: Is this sentence grammatical? Yes or No: Tom dice che un' uomo tiene bottiglia una
A: No

Q: Is this sentence grammatical? Yes or No: Maria osserva che un' uomo porta un cappello
A: Yes

Q: Is this sentence grammatical? Yes or No: Sheela sa che i ragazzi portano giocattolo il
A: No

Q: Is this sentence grammatical? Yes or No: Leela afferma che gli insegnanti salgono scala la
A: No

Q: Is this sentence grammatical? Yes or No: Harry osserva che il cane porta bottiglia la
A: No

Q: Is this sentence grammatical? Yes or No: Gomu dice che le donne prendono gesso il
A: ",Gomu dice che le donne prendono gesso il,No,No,,0
396,ita-r-2-subordinate,"We will give you examples of Italian sentences that follow or violate the rules of a shared grammar, along with labels 'Yes' or 'No'. You will then generate a label, 'Yes' or 'No', for a new unlabeled sentence that may follow or violate the same grammar rules.

Q: Is this sentence grammatical? Yes or No: Leela vede che gli insegnanti portano giornale il
A: No

Q: Is this sentence grammatical? Yes or No: Gomu dice che il cane tiene il giocattolo
A: Yes

Q: Is this sentence grammatical? Yes or No: Gomu osserva che il cane porta bottiglia la
A: No

Q: Is this sentence grammatical? Yes or No: Sheela dice che i cani tengono il pesce
A: Yes

Q: Is this sentence grammatical? Yes or No: Leela afferma che i cani mangiano il pesce
A: Yes

Q: Is this sentence grammatical? Yes or No: Tom dice che un' uomo tiene una bottiglia
A: Yes

Q: Is this sentence grammatical? Yes or No: Maria osserva che un' uomo porta un cappello
A: Yes

Q: Is this sentence grammatical? Yes or No: Sheela sa che i ragazzi portano il giocattolo
A: Yes

Q: Is this sentence grammatical? Yes or No: Leela afferma che gli insegnanti salgono la scala
A: Yes

Q: Is this sentence grammatical? Yes or No: Harry osserva che il cane porta bottiglia la
A: No

Q: Is this sentence grammatical? Yes or No: Gomu vede che i gatti portano tazza la
A: ",Gomu vede che i gatti portano tazza la,Yes,No,,0
397,ita-r-2-subordinate,"We will give you examples of Italian sentences that follow or violate the rules of a shared grammar, along with labels 'Yes' or 'No'. You will then generate a label, 'Yes' or 'No', for a new unlabeled sentence that may follow or violate the same grammar rules.

Q: Is this sentence grammatical? Yes or No: Leela vede che gli insegnanti portano giornale il
A: No

Q: Is this sentence grammatical? Yes or No: Gomu dice che il cane tiene giocattolo il
A: No

Q: Is this sentence grammatical? Yes or No: Gomu osserva che il cane porta bottiglia la
A: No

Q: Is this sentence grammatical? Yes or No: Sheela dice che i cani tengono il pesce
A: Yes

Q: Is this sentence grammatical? Yes or No: Leela afferma che i cani mangiano il pesce
A: Yes

Q: Is this sentence grammatical? Yes or No: Tom dice che un' uomo tiene bottiglia una
A: No

Q: Is this sentence grammatical? Yes or No: Maria osserva che un' uomo porta un cappello
A: Yes

Q: Is this sentence grammatical? Yes or No: Sheela sa che i ragazzi portano giocattolo il
A: No

Q: Is this sentence grammatical? Yes or No: Leela afferma che gli insegnanti salgono scala la
A: No

Q: Is this sentence grammatical? Yes or No: Harry osserva che il cane porta la bottiglia
A: Yes

Q: Is this sentence grammatical? Yes or No: Leela sa che il cane scala la collina
A: ",Leela sa che il cane scala la collina,No,Yes,,0
398,ita-r-2-subordinate,"We will give you examples of Italian sentences that follow or violate the rules of a shared grammar, along with labels 'Yes' or 'No'. You will then generate a label, 'Yes' or 'No', for a new unlabeled sentence that may follow or violate the same grammar rules.

Q: Is this sentence grammatical? Yes or No: Leela vede che gli insegnanti portano giornale il
A: No

Q: Is this sentence grammatical? Yes or No: Gomu dice che il cane tiene giocattolo il
A: No

Q: Is this sentence grammatical? Yes or No: Gomu osserva che il cane porta bottiglia la
A: No

Q: Is this sentence grammatical? Yes or No: Sheela dice che i cani tengono il pesce
A: Yes

Q: Is this sentence grammatical? Yes or No: Leela afferma che i cani mangiano il pesce
A: Yes

Q: Is this sentence grammatical? Yes or No: Tom dice che un' uomo tiene bottiglia una
A: No

Q: Is this sentence grammatical? Yes or No: Maria osserva che un' uomo porta cappello un
A: No

Q: Is this sentence grammatical? Yes or No: Sheela sa che i ragazzi portano giocattolo il
A: No

Q: Is this sentence grammatical? Yes or No: Leela afferma che gli insegnanti salgono la scala
A: Yes

Q: Is this sentence grammatical? Yes or No: Harry osserva che il cane porta bottiglia la
A: No

Q: Is this sentence grammatical? Yes or No: Tom osserva che i gatti mangiano la frutta
A: ",Tom osserva che i gatti mangiano la frutta,No,Yes,,0
399,ita-r-2-subordinate,"We will give you examples of Italian sentences that follow or violate the rules of a shared grammar, along with labels 'Yes' or 'No'. You will then generate a label, 'Yes' or 'No', for a new unlabeled sentence that may follow or violate the same grammar rules.

Q: Is this sentence grammatical? Yes or No: Leela vede che gli insegnanti portano il giornale
A: Yes

Q: Is this sentence grammatical? Yes or No: Gomu dice che il cane tiene il giocattolo
A: Yes

Q: Is this sentence grammatical? Yes or No: Gomu osserva che il cane porta la bottiglia
A: Yes

Q: Is this sentence grammatical? Yes or No: Sheela dice che i cani tengono il pesce
A: Yes

Q: Is this sentence grammatical? Yes or No: Leela afferma che i cani mangiano pesce il
A: No

Q: Is this sentence grammatical? Yes or No: Tom dice che un' uomo tiene bottiglia una
A: No

Q: Is this sentence grammatical? Yes or No: Maria osserva che un' uomo porta cappello un
A: No

Q: Is this sentence grammatical? Yes or No: Sheela sa che i ragazzi portano il giocattolo
A: Yes

Q: Is this sentence grammatical? Yes or No: Leela afferma che gli insegnanti salgono la scala
A: Yes

Q: Is this sentence grammatical? Yes or No: Harry osserva che il cane porta la bottiglia
A: Yes

Q: Is this sentence grammatical? Yes or No: John osserva che un ragazzo prende gesso il
A: ",John osserva che un ragazzo prende gesso il,No,No,,0
400,ita-r-2-subordinate,"We will give you examples of Italian sentences that follow or violate the rules of a shared grammar, along with labels 'Yes' or 'No'. You will then generate a label, 'Yes' or 'No', for a new unlabeled sentence that may follow or violate the same grammar rules.

Q: Is this sentence grammatical? Yes or No: Leela vede che gli insegnanti portano il giornale
A: Yes

Q: Is this sentence grammatical? Yes or No: Gomu dice che il cane tiene giocattolo il
A: No

Q: Is this sentence grammatical? Yes or No: Gomu osserva che il cane porta bottiglia la
A: No

Q: Is this sentence grammatical? Yes or No: Sheela dice che i cani tengono pesce il
A: No

Q: Is this sentence grammatical? Yes or No: Leela afferma che i cani mangiano pesce il
A: No

Q: Is this sentence grammatical? Yes or No: Tom dice che un' uomo tiene una bottiglia
A: Yes

Q: Is this sentence grammatical? Yes or No: Maria osserva che un' uomo porta un cappello
A: Yes

Q: Is this sentence grammatical? Yes or No: Sheela sa che i ragazzi portano giocattolo il
A: No

Q: Is this sentence grammatical? Yes or No: Leela afferma che gli insegnanti salgono scala la
A: No

Q: Is this sentence grammatical? Yes or No: Harry osserva che il cane porta la bottiglia
A: Yes

Q: Is this sentence grammatical? Yes or No: Leela sa che l'insegnante porta pesce un
A: ",Leela sa che l'insegnante porta pesce un,No,No,,0
401,ita-r-2-subordinate,"We will give you examples of Italian sentences that follow or violate the rules of a shared grammar, along with labels 'Yes' or 'No'. You will then generate a label, 'Yes' or 'No', for a new unlabeled sentence that may follow or violate the same grammar rules.

Q: Is this sentence grammatical? Yes or No: Leela vede che gli insegnanti portano il giornale
A: Yes

Q: Is this sentence grammatical? Yes or No: Gomu dice che il cane tiene giocattolo il
A: No

Q: Is this sentence grammatical? Yes or No: Gomu osserva che il cane porta bottiglia la
A: No

Q: Is this sentence grammatical? Yes or No: Sheela dice che i cani tengono pesce il
A: No

Q: Is this sentence grammatical? Yes or No: Leela afferma che i cani mangiano il pesce
A: Yes

Q: Is this sentence grammatical? Yes or No: Tom dice che un' uomo tiene bottiglia una
A: No

Q: Is this sentence grammatical? Yes or No: Maria osserva che un' uomo porta un cappello
A: Yes

Q: Is this sentence grammatical? Yes or No: Sheela sa che i ragazzi portano giocattolo il
A: No

Q: Is this sentence grammatical? Yes or No: Leela afferma che gli insegnanti salgono scala la
A: No

Q: Is this sentence grammatical? Yes or No: Harry osserva che il cane porta bottiglia la
A: No

Q: Is this sentence grammatical? Yes or No: Tom osserva che un gatto prende tazza la
A: ",Tom osserva che un gatto prende tazza la,No,No,,0
402,ita-r-2-subordinate,"We will give you examples of Italian sentences that follow or violate the rules of a shared grammar, along with labels 'Yes' or 'No'. You will then generate a label, 'Yes' or 'No', for a new unlabeled sentence that may follow or violate the same grammar rules.

Q: Is this sentence grammatical? Yes or No: Leela vede che gli insegnanti portano giornale il
A: No

Q: Is this sentence grammatical? Yes or No: Gomu dice che il cane tiene il giocattolo
A: Yes

Q: Is this sentence grammatical? Yes or No: Gomu osserva che il cane porta bottiglia la
A: No

Q: Is this sentence grammatical? Yes or No: Sheela dice che i cani tengono pesce il
A: No

Q: Is this sentence grammatical? Yes or No: Leela afferma che i cani mangiano il pesce
A: Yes

Q: Is this sentence grammatical? Yes or No: Tom dice che un' uomo tiene bottiglia una
A: No

Q: Is this sentence grammatical? Yes or No: Maria osserva che un' uomo porta cappello un
A: No

Q: Is this sentence grammatical? Yes or No: Sheela sa che i ragazzi portano giocattolo il
A: No

Q: Is this sentence grammatical? Yes or No: Leela afferma che gli insegnanti salgono la scala
A: Yes

Q: Is this sentence grammatical? Yes or No: Harry osserva che il cane porta bottiglia la
A: No

Q: Is this sentence grammatical? Yes or No: Gomu dice che i gatti portano il gesso
A: ",Gomu dice che i gatti portano il gesso,Yes,Yes,,0
403,ita-r-2-subordinate,"We will give you examples of Italian sentences that follow or violate the rules of a shared grammar, along with labels 'Yes' or 'No'. You will then generate a label, 'Yes' or 'No', for a new unlabeled sentence that may follow or violate the same grammar rules.

Q: Is this sentence grammatical? Yes or No: Leela vede che gli insegnanti portano il giornale
A: Yes

Q: Is this sentence grammatical? Yes or No: Gomu dice che il cane tiene il giocattolo
A: Yes

Q: Is this sentence grammatical? Yes or No: Gomu osserva che il cane porta bottiglia la
A: No

Q: Is this sentence grammatical? Yes or No: Sheela dice che i cani tengono pesce il
A: No

Q: Is this sentence grammatical? Yes or No: Leela afferma che i cani mangiano il pesce
A: Yes

Q: Is this sentence grammatical? Yes or No: Tom dice che un' uomo tiene una bottiglia
A: Yes

Q: Is this sentence grammatical? Yes or No: Maria osserva che un' uomo porta cappello un
A: No

Q: Is this sentence grammatical? Yes or No: Sheela sa che i ragazzi portano il giocattolo
A: Yes

Q: Is this sentence grammatical? Yes or No: Leela afferma che gli insegnanti salgono scala la
A: No

Q: Is this sentence grammatical? Yes or No: Harry osserva che il cane porta la bottiglia
A: Yes

Q: Is this sentence grammatical? Yes or No: Harry dice che i poeti leggono la storia
A: ",Harry dice che i poeti leggono la storia,No,Yes,,0
404,ita-r-2-subordinate,"We will give you examples of Italian sentences that follow or violate the rules of a shared grammar, along with labels 'Yes' or 'No'. You will then generate a label, 'Yes' or 'No', for a new unlabeled sentence that may follow or violate the same grammar rules.

Q: Is this sentence grammatical? Yes or No: Leela vede che gli insegnanti portano il giornale
A: Yes

Q: Is this sentence grammatical? Yes or No: Gomu dice che il cane tiene il giocattolo
A: Yes

Q: Is this sentence grammatical? Yes or No: Gomu osserva che il cane porta bottiglia la
A: No

Q: Is this sentence grammatical? Yes or No: Sheela dice che i cani tengono pesce il
A: No

Q: Is this sentence grammatical? Yes or No: Leela afferma che i cani mangiano il pesce
A: Yes

Q: Is this sentence grammatical? Yes or No: Tom dice che un' uomo tiene una bottiglia
A: Yes

Q: Is this sentence grammatical? Yes or No: Maria osserva che un' uomo porta un cappello
A: Yes

Q: Is this sentence grammatical? Yes or No: Sheela sa che i ragazzi portano il giocattolo
A: Yes

Q: Is this sentence grammatical? Yes or No: Leela afferma che gli insegnanti salgono scala la
A: No

Q: Is this sentence grammatical? Yes or No: Harry osserva che il cane porta bottiglia la
A: No

Q: Is this sentence grammatical? Yes or No: Gomu osserva che la ragazza porta un pesce
A: ",Gomu osserva che la ragazza porta un pesce,Yes,Yes,,0
405,ita-r-2-subordinate,"We will give you examples of Italian sentences that follow or violate the rules of a shared grammar, along with labels 'Yes' or 'No'. You will then generate a label, 'Yes' or 'No', for a new unlabeled sentence that may follow or violate the same grammar rules.

Q: Is this sentence grammatical? Yes or No: Leela vede che gli insegnanti portano il giornale
A: Yes

Q: Is this sentence grammatical? Yes or No: Gomu dice che il cane tiene il giocattolo
A: Yes

Q: Is this sentence grammatical? Yes or No: Gomu osserva che il cane porta la bottiglia
A: Yes

Q: Is this sentence grammatical? Yes or No: Sheela dice che i cani tengono il pesce
A: Yes

Q: Is this sentence grammatical? Yes or No: Leela afferma che i cani mangiano il pesce
A: Yes

Q: Is this sentence grammatical? Yes or No: Tom dice che un' uomo tiene bottiglia una
A: No

Q: Is this sentence grammatical? Yes or No: Maria osserva che un' uomo porta un cappello
A: Yes

Q: Is this sentence grammatical? Yes or No: Sheela sa che i ragazzi portano giocattolo il
A: No

Q: Is this sentence grammatical? Yes or No: Leela afferma che gli insegnanti salgono scala la
A: No

Q: Is this sentence grammatical? Yes or No: Harry osserva che il cane porta la bottiglia
A: Yes

Q: Is this sentence grammatical? Yes or No: Tom osserva che gli insegnanti salgono collina la
A: ",Tom osserva che gli insegnanti salgono collina la,No,No,,0
